1935672
2637563
3191024
6407569
2458153
4493362
4409216
1908643
3446060
17609982
1678161
7810560
4348733
8295025
1522028
11308847
5792101
4311093
2381401
4417099
1530888
20784877
2219971
8248080
3173157
38072466
36254451
28813400
32724784
12782956
1629584
5530164
4240674
10180737
10128955
2362094
14626626
16270259
13791857
15252991
3245876
2069178
14114258
13033837
2659270
12552542
2143500
13200411
2300094
11227359
1763145
9946514
9851941
3296824
9424773
1533054
9442436
2841434
9590840
6915517
1803226
2380375
9459204
8892839
6629967
1913967
6078080
1768875
8489622
2614859
6673515
1772212
7566328
8271896
2292996
9490566
2426331
8301637
1545019
7963209
2082561
8495977
1891216
9368186
1524505
8327327
3467477
9514002
8469614
1476558
7927814
1834547
9173341
4751926
10794196
9055603
2056159
11991284
12768245
5145735
2747379
14288037
17544807
5160292
16437298
2955657
13869072
14016753
3430362
7647444
2731710
12690696
3576134
12775719
3310254
13969285
3749047
15305001
3440223
16805762
3053606
16653269
12707419
3521188
17163259
14442417
13787859
8174896
3427657
13735659
13774513
2772371
12547717
2181343
2619624
15187152
2169502
14646165
1575385
11802987
11977163
2992494
13244359
3193648
9329729
1812075
10370653
2370069
10562123
2076471
1676230
12613620
11082640
3366993
11827496
1532810
11617654
3270979
12141557
9520567
3022513
1910933
11071328
1838311
12071274
2474581
10957027
10173782
3255797
14276753
4863166
2080439
16762511
13574359
4026378
4437741
21583568
19724663
15180036
4753493
10834993
11585217
4131340
4150720
6672117
2636474
2355035
2163745
9235740
12948462
3146854
14120663
3395948
2611763
15648677
11109263
13073685
4569780
2732447
15485433
3407451
15193164
11677218
11372750
14607848
7486433
9974040
2172228
9501550
5272365
13084039
11114514
9077049
1871867
8354576
2035073
10274581
1943167
7146321
2160725
9181052
2293680
10259708
10743161
3232425
8997435
1956841
9622873
2583876
2338636
11886121
9884348
2335911
12062175
2388543
11328825
2692724
11545165
1835530
9508890
2139057
11218694
1829805
10777431
3384007
11520987
1921281
11791619
11067607
3523553
11511024
3316466
11278358
2140960
11616230
1706688
2332130
12784586
4939096
17811919
15311480
2982230
13295327
15080149
4758371
14838323
3149032
9365524
1876389
2133003
12370768
14170743
3486544
1901835
14446467
12809805
3789405
2487718
16503693
15414850
5513288
14788523
12444556
12888398
6186213
11441704
3069050
13117308
3026666
15663937
4917045
16542526
2225328
16863629
2260317
15752632
3471307
14846936
3197209
14141815
13047827
3621505
2482033
13445104
13282136
4232793
12770194
2326150
12178569
2077730
13457327
4137290
12934129
13477624
3468349
13895829
3501840
13644464
3448167
14135734
2842891
14703602
2178836
2857703
16996482
3155270
16454662
3719504
2916613
18937748
22551987
16828858
4859019
14445919
14178374
3713914
7556821
4670547
11381957
12744290
3473719
3453311
13860451
3595775
15979455
17427263
5339226
14866016
15688519
6350196
15384725
2046844
13287222
13663245
4581786
2492567
16844639
16426959
4543095
15882569
3324626
16466266
3393440
16128125
2318025
13560660
3172737
14400161
2303405
14092868
3934676
14492610
13505167
4095854
14464968
3867537
14132572
3802982
15298102
13980104
4975925
15223685
3304917
14221277
3492927
14612763
3336797
15134848
3775496
17164615
3539693
5892490
21922601
20205342
17628541
3880896
16092909
16730789
6178430
13563146
14844742
5998648
16259760
3705669
19129673
4000247
17606873
16520100
17697265
11903790
19683938
16383719
4861885
3281472
19067497
15951727
3857137
16452998
3317113
15187398
3966165
16117599
14002274
4729719
15911567
4995877
15399486
2549422
14865352
3891338
16122564
3527561
15873912
14807917
3256120
14866384
3770774
15716723
3359353
4247831
17246716
16672817
3179881
18161432
4244850
20421752
3987976
5211322
22627445
17737702
17159721
3548375
5069042
19359110
3865417
18633590
2160168
16768705
4008358
19524274
19766101
6184769
19285307
4773588
17901435
17130443
16934131
10260630
18328388
16063075
5896182
16454985
3843972
16045260
3307853
16584005
3487600
16766539
3661452
2288857
17985220
17714052
3946676
18709116
4098930
17868733
3402874
17781466
3487862
16708403
16411353
4577300
17585217
6848336
18340234
4087644
17746572
18121861
5805020
5258691
23791889
19485811
3628565
18988955
19339978
6255782
4407287
22010178
4413795
18655205
3916884
22222516
3617532
25086658
4926466
25604925
6884178
25729920
4531915
24658957
4173922
24690236
4167765
21185082
4153729
21984843
16492080
4745443
16383756
3627922
15160538
15688888
4230257
3867728
16568368
17876010
4093388
17748758
5804492
18242092
4170865
20072594
5104088
18859583
3668419
21574527
4581511
22232402
6054628
24006940
4604185
25260079
4977078
26370365
4229924
25635548
6511929
24363257
4959835
24533975
5325771
23216384
23692962
8843206
23375316
2570646
27277181
7424658
3282526
26895985
4723966
26944389
5230368
28775095
3949308
26941433
4041440
23509516
20903576
3117812
19632241
4188415
15772558
6724081
17275253
4351805
18937005
20727935
7705151
19427625
3711915
5459336
24597302
21684828
5351420
21498247
4162777
21283092
22002306
4317667
4157606
18401052
21343695
5868223
21250521
6614686
22385779
22568403
20956708
9325567
22752755
6708786
3353894
22807337
21869178
6120591
22586976
2641644
2663892
25313180
4216831
23613619
4252603
21656840
4428868
21874944
3933102
21025497
2610305
18933116
4555648
19705724
3184995
21401255
5904351
21880435
5888997
2454357
4730010
29444999
25069176
4187951
24850774
3923634
24679945
4429670
24936317
4602240
18571893
4610973
2643895
24340210
23768295
22669126
10552378
21348644
3555022
20735563
3089277
20068347
4719118
19012735
4853633
18218334
17962793
4626512
18077155
4281262
15074276
3605157
16764161
4076115
18298577
3176227
17728391
15141935
4009384
16875409
4207433
16468585
3372418
17304400
7706418
19071570
5389660
22509752
22178104
5245356
4039750
24783182
23869501
5758565
23471678
6607596
22786381
5695314
24564374
4235939
22430572
5771774
25092701
22878032
23377946
10741441
23736861
6729431
22572028
2652295
19573407
5033672
21439924
20606114
5212883
18475936
3700822
3808246
20085021
3635269
20203899
4340619
21722220
3289092
21267662
4694390
21343989
2915497
21663452
4559955
4865236
25504194
4480497
24077569
5259134
25725784
5821985
27600773
5238836
26742417
4344793
26171787
4404595
26132917
6873904
26877524
3962738
27352608
9697961
30105580
3735987
28699280
5264417
28653949
3631176
26804525
5067105
24613205
3769827
22487096
3984251
18824742
3961154
20936647
18711781
4413652
4016433
20551471
18050996
5001752
21419198
6154601
4107748
23190875
25200332
7992915
4324004
27894207
25708225
5121059
26520842
3896722
4544798
26179970
4428904
25093678
5776559
22915526
3654290
26209131
5399610
27086059
25378887
8433300
4779933
28352732
26822050
6334293
27547324
4675415
26196357
4519143
4257643
25078206
22135722
5183578
22568898
4531897
23311323
3345853
21746346
4883324
20382783
7677060
23876809
3598950
23161563
20707477
6636727
6584032
25475957
23163209
6448128
23949305
25106684
9386564
25919690
4821793
20932457
4544810
24544939
21964416
21706171
13801172
23660792
4388715
4589602
26838088
25300203
4185628
24541834
4449492
23868024
5783816
23157677
4123794
20912722
4923596
20784274
3076164
22891455
6474901
23267969
3204408
24610584
4942413
3160728
23620109
27200825
7049558
6351942
28869642
26190624
5713290
27259548
7106232
29275021
6147968
27843084
4829129
25419894
4954818
2751867
28409918
28103379
24020757
24463441
14132664
23793669
5494993
24842312
7841857
22767399
4570117
23748264
3347500
23594586
4050567
24139603
3778320
21152383
4909892
22732573
4715635
24292123
6171034
24515295
4420843
22929811
4935014
5945236
29165770
24066622
5545220
26815533
5619331
3034044
27739921
6421716
30675976
3691526
26308265
4756047
31868315
8197361
29258379
28163828
23500060
12480263
24333814
4396364
22188754
4079589
22858744
3210069
21639476
4106090
23620400
3965597
23598222
7722192
25094043
4617322
26803819
6287198
25377590
3912256
25933027
6799738
5624795
4204498
33485205
28451706
25498123
5535151
5362618
30021082
5049302
31116987
4186054
23256395
4181681
25062317
5516663
26752229
4798095
26500068
25492062
23481457
14701538
25741099
4528668
24216030
4492563
21428981
5334237
22723659
21615627
5496659
4434291
22639769
24385219
7339597
25894154
6105299
25725641
5974493
26903818
5326942
6883548
32147315
3788606
30129866
4393522
32086711
8936961
32406606
3951188
32248722
5497162
27510431
5932534
32013949
26772323
7266028
25733404
6947731
29079685
5266235
29218432
6611932
25978191
4797546
4156614
28612058
4998873
28267321
4750242
27092196
5598439
27222313
3595638
26546214
5390004
3627752
30828839
4143177
4554828
33789989
5696829
34010150
5019701
35311712
6366270
33807598
3234119
29796349
4831415
5874480
29588005
28709930
8090048
25293506
6850842
29725938
6897122
31136651
4033886
29549088
5418867
4236967
29815164
29657775
4981819
25702679
6484068
24870617
5097956
24631674
4834939
23436958
5583918
23817132
7264488
27165282
3980869
28848748
6018554
25954060
5281008
26617892
5354035
31158183
6947795
27474216
4462407
24841320
5453291
28904807
6087052
34796747
7411539
26694676
4270682
29724616
28903304
7345888
26319899
6481133
20656569
3151783
25044123
5448621
7369423
27157141
25332279
5262443
25720744
3656410
3926554
26772794
25856588
6892368
6511594
27836389
28778168
6333498
30595402
5270372
5612282
31820674
5143889
33067537
26056623
6795878
4638494
31560845
33128620
10917841
29018661
5655606
27896901
28485288
6268354
23718994
6671383
20306946
4276958
24026179
5568436
27114207
6907637
26242261
5380147
25523845
3616245
27912954
4325232
25713414
5983012
26500242
7395636
25873936
6943892
31021188
6123399
30328509
7422408
30680177
25595329
5867213
7495695
35931791
29451348
29208985
12092534
3661725
28733710
30905586
9927626
23139076
4994856
28253227
3933337
28590366
5592489
29667241
6121138
4682273
30683844
30644301
8198161
29303821
6624877
5182621
35032703
6775623
32376959
29645239
8801991
30286604
4470180
31669697
4733179
3971630
26730372
6282366
29340303
31080299
29645449
13601211
30093044
7076097
28736181
4812750
28585489
5322596
27032944
4637750
5317844
30407061
6913429
28944858
28667999
5642725
4242587
29488312
6240477
30487529
6590824
33081182
6142238
5045683
33804682
35271233
10161126
34875792
3978064
33805611
7340104
29046266
5884365
31483955
4947393
8816478
38629847
32897425
8980501
35483014
6271525
34410620
29618172
7786014
21651293
6143975
25843800
6426842
24646800
24227567
4629159
25436676
6212979
6834635
34007042
7225707
32993542
6166299
34006300
6321907
37209383
6392077
3601073
38370240
5754905
30672998
5486500
36643659
33423705
11652537
32739115
4092023
30917184
5582470
28353033
6407624
25435543
6553796
28608216
7057755
27829202
4537983
29066289
6132622
30245820
6501781
28580046
4999753
27422909
7424562
29045629
6574688
30482579
5775878
31894043
7124225
32705579
5672715
31807817
4602010
30111565
28112227
10634744
28506074
8011805
30582807
4105869
32280248
6372216
31524155
6640052
31043340
5608369
28957132
6386254
28184623
5812509
26481392
24676441
4690626
5315086
27467413
27498233
9411748
27127345
6506801
29688008
8703777
34242259
4997055
31881592
5367492
32782476
6127554
32945137
8661324
33497233
5774588
32281475
9266170
34661039
7068535
32232286
29584911
5439721
5424719
28569571
7869356
30534137
25874347
4860731
26865552
7387416
27344695
4933289
29628339
8622990
28107504
5842229
6045826
35922462
35335407
9242869
34488678
7135266
33073759
29855280
5084572
25749381
8491866
28230035
11633017
33217469
29357457
6069144
4199427
33661966
6202646
32554013
31875985
10878087
29173981
5027937
30061590
5299834
27413500
5977152
28757617
11299609
30455461
27716698
8587027
31108331
6068925
29979135
6843478
32283782
5341575
27517221
5326232
31394457
29097769
32215659
17673136
6182307
31102832
5681935
35076830
5425123
32696153
4695076
36406465
6202341
34512913
5466190
5287044
33473790
5082872
32908997
6598326
6912790
43451034
34438065
8355685
34222306
6420952
33427194
33949730
8682736
24070577
5713729
29516531
5577500
30729455
30773519
15277038
31939671
6428318
34645410
6537571
33614011
6864723
35017403
7610684
34259121
6799815
30711979
4767120
29323612
7544392
31758220
6756537
8271614
39005987
34658064
6167812
36436451
7552388
36620044
6327095
36332733
4250989
26319731
9295118
34463225
32780096
12000646
32415286
7287851
30814675
4094565
32386925
5781834
29774522
8782187
30369642
5207396
29692709
6210612
30126843
5059117
29802095
6893305
30666721
5772774
8004739
36918566
8751354
38541313
34784676
7939491
34921568
32333363
6617804
26396896
9784569
28038747
30732997
11975744
4957122
35148284
6107617
33508436
4771400
34746092
6087757
34820374
6722778
34555272
5189969
30807801
4438462
31379988
5194691
6148139
32408627
28023121
6064443
9936845
35570176
31247022
6938355
34224931
5128387
31121797
4496427
6548177
34963574
5301595
31931835
10261224
38338564
6988387
35291975
5416415
37727389
33213473
8668721
32012645
9186163
28343621
5283010
31147745
5696680
29257092
4176668
32048545
6824621
31050905
6082620
30872303
4854034
34178645
11497059
32668751
31127721
8909531
31870341
9802181
32926743
27740731
7442871
29843767
12774649
34419321
30606659
6982441
29422773
5137320
30111816
7460590
30757141
8013295
25976320
5616259
28053861
29545177
9874545
29298828
6090702
27500360
6146564
33658349
8308090
31767172
6939704
32323494
8446605
35893623
36525906
9049184
29875220
33265008
12919685
5565641
33589990
6577685
31625903
5574766
37007884
7693567
37142945
5621351
4492750
37083501
4422558
35662305
5987296
38808284
6359565
32984575
6753345
38682899
8127981
32445388
32994562
12210194
31300208
4700887
35426116
8688545
31533717
12343677
37939163
4531810
6362349
41761706
37735356
5610960
6199616
41631196
36269885
8577532
35626781
5660769
4640886
34180252
6714828
34971479
8012662
28429325
8762745
40179223
35555071
8597471
34880159
7372617
37941212
10616899
38735166
29665064
8198930
37063061
11215046
5252458
41565506
5525519
6981570
41794102
40674802
7489191
43167019
7997555
5418312
41602405
34749887
9783531
33373866
5616642
8940559
40288392
37701427
9149170
38349499
6351382
9266945
43838960
40462593
7750283
36385530
11278348
39264962
6550551
38549163
8017271
37401715
8850674
37919880
33800095
6825773
33094838
5887139
29670821
6309667
24673721
6243708
30641316
7468145
6500870
5292882
40122349
35582359
7056949
38371483
9200318
43913620
9831223
40667646
33470939
14327988
37864145
5905389
38403549
5526116
35276988
8430102
4751269
38552761
6205060
38128105
6202252
39234890
36610461
11134686
37106174
8298378
30995500
33234066
11412693
29302462
7286803
34327267
7255479
34096236
9311076
37837945
34894269
37600723
17297386
6157383
39141678
35133506
7094745
8323854
37374138
4982653
39435595
5510585
39266028
8141072
34664526
7514167
38677525
6113516
37772864
9408844
35058532
5723816
34203295
9114565
34825702
34829556
8960398
33022337
8459469
41063451
12203697
40651566
9213497
39410006
7995248
42263378
6058445
40728440
7163071
32881408
6185532
34187819
6214853
38902725
7287663
7864120
41212805
6147155
38075788
7616266
40773739
7478473
47956362
8464954
43157079
8939815
39968548
41012041
13579021
42213109
7483149
37791995
8665719
38809398
5497772
35702933
7946148
37013857
6394800
34167732
6139303
33684541
8685647
6139819
37635500
34817392
7515943
5654134
38132804
37736392
8335798
42459508
11304192
5417925
41397488
45080461
13190704
43394030
7597128
46565323
8193039
39223911
5733935
34581093
7768615
35184394
6120893
36567144
11158571
32748222
8072745
38165891
8713485
37549837
33484365
9434189
34668803
5356455
37077118
8073550
34749802
8753993
38219608
41023294
15728559
40140984
9209579
6306252
46271062
5929210
44411761
7671681
38819420
5933225
39611062
7659478
8130589
47173785
37025946
7267002
38148084
7706414
43100071
8971070
6848921
49402841
10206867
38500485
42235690
42431400
16035454
6573726
44369891
36650115
10648134
39074880
7205256
36664397
5413775
35751393
7336112
6801734
37099503
39771274
11534010
36868716
9147982
39230519
39651580
10816489
10119537
42447237
33973115
8092259
38867195
39485945
13951822
5534457
39513461
33988391
10304191
6006206
42728844
8143904
41286290
8302149
40992110
6846582
45163867
9393273
47348476
7996067
43149473
9657761
41784482
43414914
34555905
14381025
6698725
33712497
34687189
17334587
36166623
7487303
39076226
9778641
44626703
8709341
41860438
8957800
47081743
5655529
48171436
7789793
42691353
9247413
6190330
46954148
8622301
48519672
6071158
43010942
10345653
40967995
7341116
43948167
36872980
12268729
34673560
6200148
39387556
7492334
41002859
9441238
35339326
9827567
38735034
9790294
45364633
36820798
7797133
34046515
6504629
7629376
39991194
40686739
11118415
8395791
38763337
7774991
47291572
43376144
8070949
41638843
12102482
39300543
5780471
6526227
40900465
8266975
38014562
42403503
12644854
6055057
47530295
43859668
7523099
38460990
8626563
39917420
7397737
41902455
13557891
36517204
8029674
40872195
8695090
44017524
40109165
11802451
39639997
8512658
42663991
9198603
41969866
9207544
38840581
7933139
39489942
7127075
10256422
46562479
40418865
8321494
41112897
5666564
43884391
9288779
6994662
51713352
6633713
6823808
44773733
46686903
12228004
7067448
50862847
49695402
11202416
42007875
7239638
42927153
41940605
12320225
7683013
42434599
37747844
11011467
41106357
7842976
9231374
43476548
45913590
14127659
5996614
44835750
48091209
11967768
45931626
6233510
41916514
12109372
44862265
35818464
7695057
9419249
40636237
6729985
8975292
53095434
37189466
49929534
14569265
41839912
6236856
42919813
10761983
31730639
7854070
7253379
40167208
9263922
49834824
8674192
53790649
8289215
47803507
8283112
47791881
11515316
46755609
7426277
42838281
9614977
43229189
6919429
6608193
47685052
7338006
45420602
44035530
10326717
47187576
10322483
48558513
11654047
43555926
7293176
44354634
10404745
43212086
6589442
40201906
33677074
10735873
8596421
43614563
43463081
12379951
40572889
6548088
42277152
10324666
45629774
7915356
37025047
9810804
6995156
44916184
44922872
41642126
40904696
38406452
30140768
30977745
33005103
31904659
36757948
34029115
35818420
34737327
36768665
34219862
36216234
37759167
37967429
36441408
36983135
37487041
35143623
35383176
36911997
35409212
36792647
37376114
36115221
36369337
36741810
38290411
40258440
41616712
40121755
39468116
37029824
35878535
36181296
39650677
41129006
41318583
40716114
40416673
37753896
39702228
38745828
38401384
39549846
39247628
38743983
40966375
45660205
40213006
40222494
40960793
39928057
38389450
42338048
44001863
39569176
41257351
38930236
39894930
40350490
47745091
47460664
46754674
47318588
45165184
40076754
39759714
39525993
39039906
38011642
38028130
38557355
41119135
44466951
47206512
45717727
47262465
46985616
45439163
41260660
41479523
38578871
37522505
37296181
40683290
41078033
44316167
44956062
43266165
45566628
45211664
45203777
44907168
45592480
41206347
41977971
39968881
41644718
45150567
40240610
42202300
43119203
43552346
41087751
48327010
47308051
46065904
44624230
47498137
46939305
50654764
53439629
54934365
51799993
52868699
48687899
47086368
44987308
43708171
42346604
44019091
51112417
42674341
45212140
45373762
45914851
38182383
46569762
46810037
46431518
43415673
45155855
43059879
40196522
42190201
44952421
44283146
45602142
49042019
47011601
46781652
44004287
43916325
42169803
42116406
40206410
43750055
44649487
41732126
43487355
42525662
41877972
38411224
40009191
38319975
38806264
36756106
39222948
39234381
41149162
40413333
40932467
43462772
44921304
43896235
46331950
46949529
43772981
40970660
41989245
42427454
44301967
44134298
46600084
45532405
47540772
45812707
49820992
51151600
50984485
46766145
46766504
52360556
44090011
43754119
46275847
44819692
37082698
44529160
42347560
42779594
43921442
42832863
43681366
46203761
44201263
45180943
45103872
43097372
44608945
43284924
42957302
43298602
43321584
40632069
41015358
40132576
47386845
42879563
43536999
47457107
46839131
38737109
43896695
46052268
44292186
44019821
48952315
48012562
50650017
50146639
51492544
50511544
52300936
53306435
55949155
54521660
55412188
55880526
56621244
55510301
56426027
60787103
55582789
56053567
53595913
55049512
46616686
51042866
52410022
49721530
50066102
54387890
57187874
49315059
54211910
53310217
50003215
48792568
59385879
55852200
56450386
59638113
58608156
49124170
52485090
51212962
50363988
51163137
60380124
53278351
55627018
53437001
52687948
44751960
51592870
50959149
50986328
49707608
49589191
53674785
49460170
50137700
51478153
52287173
47449219
52529698
54460453
53738372
50590392
49057152
51623140
46060489
47363494
50486535
51814474
46618159
51899153
52163284
51004085
51152229
50483598
54435442
47040962
46855540
48558477
48996643
41486699
48115780
48719108
48817562
50430393
51014198
55158696
50087159
49680353
51917225
52014062
46412898
50402093
47340854
44366830
44861507
42849238
42233606
44220112
42589022
43611564
42512070
44681018
42563313
42857681
43578529
48818905
46742993
48238072
57608671
50173244
47142180
47955843
48607814
39264262
46417322
46400365
46556554
47515993
49745959
48075075
49208369
46242095
44162311
42635556
41510468
38800563
41983971
42265663
44099782
46954471
50023407
62199173
53579154
49851718
47258544
46860284
34107952
44490737
50988924
51903402
50252142
49803481
46780525
40700603
41504327
39471849
38708480
40267862
41597014
40286373
43980023
44739063
44192264
43715730
44816937
43955971
47466976
45023000
46052388
46817776
47548244
43450683
47437599
46694713
44031190
45154932
46812409
57697302
49548519
49645560
48355613
48589208
35040639
46282217
48513611
49537776
49651598
52478779
49171532
52896756
51158412
50306453
51691042
56071523
53757488
57880172
60828722
59529248
63375131
52510025
52285790
47962524
49475896
42576567
53051912
48737695
53791919
50765044
50879940
53132823
50103273
45960892
45546811
45835388
40244897
47365974
48022791
53319415
55733672
70693633
61961759
66117141
61002305
61517509
51458040
62561183
60129828
60013221
56951443
57343503
49091681
47667150
50815151
53640419
52563217
57883273
61586014
62318027
58485098
59139524
54852930
55376106
55768543
59643716
59699597
65370945
60146702
57786183
56893065
50131633
46957331
46551153
47802780
45271230
49896464
49216647
52196651
53320230
55225595
55637160
56902192
52784129
53140993
51069334
57544648
51059896
55533723
51018613
53309572
47644069
49987287
47336267
48312290
46314831
45368158
50752839
52493087
52171639
51682335
49633055
55938996
46703183
47907800
48378933
52679061
43093318
50915636
50996035
51452095
48267675
47302282
59367438
50117055
50438168
49191574
52272766
39250441
47803383
46965013
48868648
50844707
52100408
58522636
52155504
50701312
48066805
48064908
44006393
50221218
51412239
51466547
50566788
48931778
55666648
49691418
50045303
50941359
55273075
45704894
56683492
52709057
54906971
49329815
62962483
50661799
52466216
48468016
47454369
38337932
43404444
45083098
46997389
48305023
45672503
47290633
53446824
46137413
46752118
45143688
44269898
38910665
47591178
47500525
52042404
55443082
55967672
57555948
53308236
51767427
48259955
47933948
45589323
51396495
51442716
51244232
51570824
47243835
53072002
48246768
47511417
44728751
47202563
40000544
45052696
47660119
49593658
51399775
50914494
57509346
53451187
51877512
49047303
50727283
44045213
50150963
50927202
53615592
51949460
52435805
52391154
51961660
52207060
52483378
52424089
51088894
51391345
51893517
52282311
54418895
58662044
53505659
49624903
52117703
48295859
45197190
50309482
52952160
50960692
53457742
51395644
53775688
51814293
49575690
48959709
51136369
46057628
51327739
54675798
52395861
50365951
64291454
51454091
50651098
52957259
53840149
45299431
54352835
53262176
52243357
52309468
50458256
53790174
49973653
52538600
52946474
52444463
47805687
51802260
52661259
51805100
51768260
66324660
57248636
53567315
54654052
56025639
44235376
53929892
53415938
53464611
52779312
52454058
56445388
58307730
54987511
54647406
54708295
51273169
49822738
53026740
51135254
50285541
61161431
54698906
52244541
54139661
54676078
42609371
49197237
52542568
50262703
51961460
53299362
58112324
58200308
61018196
59328287
56640282
55307025
50958100
49875439
49542743
50729949
55740758
53409767
54591891
55328998
57653484
49672102
52334106
52056866
52144307
50139142
63758733
57067694
52475067
53279415
58042076
43600750
53421583
58250038
56761550
53239660
55579194
56485184
55663594
55570541
54958055
55148917
53909907
54833298
56575841
57827737
57129240
57222635
59793652
60756309
59545152
57790981
58780802
53999830
51031291
47977735
50343404
49526442
53115928
57443006
60520278
58661797
59140377
60084720
56558905
57614370
63674426
56806203
54212573
55607995
53029264
52814963
58187356
55190760
54361958
56564805
58196113
51553605
58289007
55316703
51667995
44790013
51944026
50378435
50458869
53422212
57499617
55145433
52604780
55982823
60790253
57563128
59974476
63977328
61713661
58552619
63600985
66061945
63713052
64042861
61614745
54662260
52528223
51185497
55727883
63739489
55457832
56519544
58992381
56447415
47008134
56420985
54097148
52044372
48974754
63022728
53727420
60474546
59887627
62193955
48186250
56170834
49126963
49229604
49084965
60954199
59888546
59467863
59967804
63383378
53940426
56383427
59272593
61261229
69003032
61180979
64460409
63813492
64512185
52537435
59053259
59839372
59807141
55511594
61940808
58341148
60002775
61650155
66421948
61391359
67329667
65558402
69933609
65105570
64175523
62555654
59939956
52807374
54208157
54747773
55011810
55556136
64915676
56429350
56324006
54893811
54455515
45877153
56139952
56326973
57870451
58615196
65254825
53474535
53623847
53165099
53485451
46967738
58091266
58231832
59268819
56546758
62295400
58776859
59031777
59742610
60060104
53351062
60505428
60091290
57653900
67433599
62080975
58241411
58723838
59266070
50845876
59146726
59262507
61204525
71065490
61974070
59426494
59886716
59463385
50266940
60785373
61368413
62441505
60501285
63645682
57143320
57560151
55079675
56940145
54651221
58323038
57258204
58334222
58870529
61262136
63685504
63302394
64944392
62006047
60367556
58706384
61193134
57735483
64588518
58089624
57895841
58081298
61053659
57741251
62754271
63723299
60984110
66830348
58029437
56611798
56606415
59674289
54462503
57780228
62392602
63467077
71552977
59014912
62119537
59333351
59526080
50808104
61876122
61871536
61023583
60169822
63247578
61160273
62729888
61712003
63231568
60958332
63749557
67253995
66682080
68625616
66779299
65187968
61486545
60157867
58384649
57831910
57495357
68753166
60958724
60262488
65600672
64098473
52116710
67565402
64804998
65060788
72398531
64708382
58929515
63425097
54083451
49312338
55348451
57443971
54375196
60519934
64052428
63965296
61904497
60419529
58306594
55801182
57531447
58180070
60088507
68349850
61772792
59277160
62642387
60666693
53258094
58477966
60960142
58101793
75183189
68654415
60677040
59854436
59370110
44859779
50194671
59862660
60363678
62436109
68508922
61336608
60170064
59772798
61419173
52880822
61568929
64547234
65217502
72009188
66585292
65981657
65154994
63629339
57838583
62686435
62818512
61116006
70652819
55966437
58302998
57274477
57331161
49888939
61623922
61692155
63879408
80481927
73338769
65365394
64886345
63591404
45908265
51049209
58913921
60827427
59902282
70043361
60975141
59058541
63326691
62707086
54047970
67486426
68350142
61965696
72298227
61799554
59292134
58950722
60700983
49115549
59205222
60545495
62287919
75852324
67082689
67476690
64268140
64571053
50920146
61901918
65138642
63401901
76162245
67110850
65733876
62395487
67362774
53617760
63738512
74063567
67379400
76628424
67803081
67915617
58831647
64175142
53789585
66863800
68987819
66639395
79722112
70511248
62122889
60698966
61874990
49268085
59332358
60043067
58809513
60841124
67287217
60092657
65844312
65890914
66190790
59019370
65158191
67253171
63171719
65743376
66914184
65402237
61756817
64920280
63081103
62944307
64948845
79825621
68474017
67504678
73739878
66604589
52651074
64692955
69057756
63119623
82058746
70406492
63180971
58947165
60334264
46959069
58722734
64626932
65477058
60617200
73710431
60614389
63895111
63140325
67630664
58068344
69146158
64609905
65910802
67954244
63453159
60588737
65011034
61406813
58559080
60145700
65534974
62914351
72187483
61815461
63207203
59223287
59502721
55599852
63906499
65469989
66471554
78182558
63302116
71982853
64518395
68277696
55818579
69043815
59981968
66877727
76518158
68300582
66682068
68124304
66409079
57661404
68124993
67996193
71526890
73768745
74051382
73298150
72483778
69343146
68329870
63456057
64623437
89934191
77812312
63371449
66055595
65422946
40340982
53780690
69646539
70726146
68845432
78486945
75192688
72553331
72171002
75427267
64427372
66717608
68740256
84023097
72339405
68561431
70229966
71659863
53700453
64160547
71177224
71670505
80466779
74745408
70043267
68776231
67835140
55634900
62549052
68490633
70863263
81216496
75512691
70908146
65029168
63949949
54972115
61906761
67217073
72193815
81212496
72044316
72059073
68415739
69149134
58153455
66038118
66203898
69039687
73229072
71150902
74444397
77372128
74294020
68908557
75284379
93162044
79035565
75632369
77109485
71241629
49270644
59069168
69809634
68292164
89533484
78571787
74635820
71558710
72578022
55617133
66179959
75799766
70530163
84135513
71137069
66504251
65044047
71854567
54963101
67531878
74055944
71928367
81326638
69341995
71533251
74559568
69612351
57469213
73242644
71110717
65995687
78371384
73018611
71726263
70941155
72789097
63612288
70209036
71411760
91783356
77625086
71410992
65311866
66813101
47249658
60048742
67118423
68501477
65061541
78542203
67687662
63563807
67586248
70450419
56337635
67543211
69822957
70026173
85539257
74589927
71551303
72333387
71880190
55026550
66467434
69353167
69945558
103135264
89783936
76190797
73153104
74594338
38914124
51635177
66846155
70634407
69336346
77175912
72603422
72286455
72412051
73536338
65146291
72296113
69370777
76289245
94210003
75369198
69457130
71778624
50630629
61478254
68335296
73173855
86362332
71920930
71375575
70049472
76408998
55014272
69315196
75042569
103811615
82618493
78241734
78509896
71258419
44235779
59544123
73822318
71590492
100508426
85606259
79524763
72230490
82676126
52522684
67189250
71190197
75368326
72902437
67306633
70097383
70978368
75555727
69853165
84914924
105274230
91156438
75263599
72324831
65625023
42436283
57822436
70862956
77433047
98761672
85271818
79353386
76516345
74921454
54528147
68672435
74221119
75377496
96178841
85970764
73850687
69639480
70390574
43561084
62577398
70535574
75261579
101920826
87068113
73508418
74445376
72432727
48751354
64671819
77782721
78736267
102875532
86235037
80485208
80122070
72895232
47776174
63345103
68265649
70854402
102866359
90430913
74952891
75859303
80115794
50589610
64184212
77576893
75620349
100837651
89135729
76087913
72996532
73443052
41412400
53801732
66618797
69560612
68372364
99933050
86964887
75673943
75278026
78151187
45048765
62010717
72096141
72756213
103703189
90712221
73787923
73862050
75951386
49814879
70378621
80608763
84660209
114911129
93801255
73920414
82348309
79544623
51271315
65816321
84331118
79435998
92353926
77867771
75857708
77937201
73935762
65533592
78618413
82221463
99693770
90399698
76516667
75932083
74010626
53946240
64943636
78549022
75011082
106303096
88895362
77942425
73239492
78071997
48214023
64547669
79935354
80882390
111912757
97303878
79827099
79047291
81043763
47400869
62309284
78575206
83048267
111798248
97433149
83810304
82318606
76740626
49000694
69112119
77428198
78184740
113155965
95712288
75639274
78741825
76807914
43399911
56447934
70399586
70354277
114031084
100799038
88415596
75180251
72210563
29196635
42163507
57702856
71371989
74039592
77291370
98691905
82782924
78138186
74516788
70830825
51008736
65323970
73995189
112231527
82044519
99827346
87541227
88085125
52761793
71319017
83298084
80981315
100378526
87173493
74210558
74107250
73718957
49124655
64421699
75607457
78171318
106901015
80235217
98956482
79093627
76665949
51932321
62133868
71986639
75903631
112596645
94018978
81380651
81406200
79958615
42606190
58105906
73970667
81705105
113445481
100563537
85230044
79361314
68420411
38739011
47639903
63924808
64766100
71198443
110310059
100567990
86476946
85007457
84019905
46872618
60037750
74780744
85562235
109785738
91793703
81175959
81751278
72059389
52318438
65915557
78085488
77117252
116576539
98664624
84862069
70241006
70859621
39577696
50771880
65061086
79716759
79252027
110353190
104644923
90173260
81790415
84790130
47030917
55494497
72273622
79158203
109381008
95092514
80169097
78936579
85199273
54782221
78279686
90400385
107742781
88354910
87363122
81867334
85924709
65151282
79694867
79732966
114029151
98692330
86636338
79311708
79140941
39670010
54719004
69958729
80336682
123216332
111998225
95540994
80187049
75498551
29881501
42375456
58224638
71733928
72145326
115200232
101106073
84892529
78734901
79814172
36523900
51273052
67965126
77561964
76279065
113616109
98924064
82603941
81439322
84037937
54955086
64554504
86168284
135743024
118848615
97461224
87785367
77388215
27006479
52097672
67917117
83211144
84403356
134895249
79043658
113483333
101929554
77052366
28077324
43128609
55731915
68469096
85795133
103952546
88165169
92191284
89899750
84907556
66872513
87577419
127055699
112441818
96893986
81287930
75263984
31853234
49085909
62830881
78210079
81089802
126798731
109568569
95833996
83410396
80534195
39138453
57910192
73862465
86142781
129648833
109786944
90983520
79923524
80989672
35655363
50891282
65965757
75322122
122969930
110241603
94913195
87531146
89165020
37913157
49045099
65886807
76123943
127946680
114492286
103339780
87844643
88777467
36087453
51584245
70806187
93757568
136723024
87093156
122154407
106645570
77782276
31048763
47686883
62408006
80549042
83561295
118519165
101881897
92295085
91116276
91319167
53043984
70611941
80369644
126668127
112235108
100528124
82466238
78028147
38467338
51849329
68656719
86667024
146120510
122417591
105500235
88556970
77808411
21927663
37774482
53512903
68700207
78436601
133482929
117702329
102049423
89835538
92202315
38422490
57605959
72327219
83604808
126361268
117036798
101834192
87274458
83186752
38859201
48557740
62072053
78840511
136166250
119526551
103938698
87009853
87024869
41447339
56183423
74232947
93628078
141028269
120171157
104303346
86275079
83933896
38684918
53079558
70912167
90443891
134580197
115384583
99944258
82179005
85452045
33931431
55243599
68265413
86641643
122888464
112584680
94737906
100194972
101198959
59370889
74793038
86313436
120856048
101399982
84157271
82348385
83425899
49711747
67202555
88770792
129183227
116482030
97220819
91059872
87704694
49393165
63024002
82641767
123968554
91355435
107994422
89687176
91434232
55735687
68703941
88440475
132628938
112630110
95545761
91928144
89362835
47610847
67193340
86853853
145673425
128900679
111860193
90924236
91182762
43452612
62616795
84497803
96792064
132465329
110767426
96771666
92136967
100426517
62183685
80639929
148569351
131370182
110813397
95033907
99173542
45875056
63581256
77609338
90860722
127087299
106802352
89492138
101660998
98617616
58522892
82454285
95137813
127299635
116430193
101285899
83901997
96512672
55350001
73764621
93134727
122935969
98533650
99537929
97621359
94983345
76502720
90834157
143803743
126671491
106296114
93937514
96150883
42754995
62629737
83349480
146581816
128515233
110493762
99404129
98518587
47450267
66794912
81985367
151249122
133423171
115621924
96634061
100344757
44441070
61398767
70535108
89092227
121120709
100247356
87006317
99212591
98272615
71172843
80377566
89419410
125611022
108965813
84311400
89079280
96935128
59819077
73177053
85942318
140266694
117387364
96550172
92824913
100658808
46652951
71135773
92092003
150358324
130701135
115236944
90948283
84234554
36246342
61471387
77521164
93476755
150126175
130451127
104412010
91092314
95021530
47067497
59974556
77767509
99142142
137767840
115214873
102041107
92369580
81534730
40567026
64808291
84396328
151838025
138822633
121006799
98721880
100718216
43743295
58311731
78313391
93238518
134894045
116275213
101232791
92710126
99051852
55651109
70985857
93361352
142371004
119141559
99813226
91545796
84747519
46055383
67414303
83293363
139980303
129512926
107788321
93953469
92915249
43382547
62627293
89568059
131156363
111803450
147262806
97194382
93425706
47120028
61134073
78114279
88593460
107092875
93320580
138134279
96471243
102603749
57384512
77686814
90048235
139070513
117466824
102006936
90989930
104490462
50365174
72212906
97545864
147600494
115927936
107617887
94752290
88486897
48446766
66087851
87161450
140167022
121140254
107417237
108276578
110465958
62281901
73802924
89309636
136382928
114217782
100570295
98651434
96796486
55947039
70593054
92852246
143269462
100925846
126297023
100343057
97060666
59707703
73358100
89798471
147434159
128156383
105466903
94558802
96465932
46323376
57640729
79008742
88442833
145416887
118338596
96925839
133379006
92386005
31429390
42107932
60552564
71306183
80984557
132589356
115530613
97449722
103132818
111958612
58641898
79722086
97049908
135622409
98018971
111208784
101267296
97407595
61840389
81655740
157300127
132940122
119098403
105718833
104863874
45718426
65518288
82632120
89961650
135075501
118680312
101927971
100300448
99881106
59137187
75464672
127718786
104702033
163851207
148257512
105285195
34385417
57490533
74311978
94951072
167251774
151091376
130693239
110870471
107123599
49198247
67491051
84483945
167710554
151039817
123013796
104320464
94914318
29327749
47964717
71078314
89743669
145260424
127540598
108798152
87763891
88534807
40967036
67741160
86376232
156500958
139921394
94282618
121295257
99289867
43882588
61643383
78064447
154079684
130474116
113738638
103052580
105230328
48390978
64524233
81160542
156356807
137730758
118702728
102669324
95958119
29832774
47198802
68389092
90747114
150681728
132817737
115347202
102520383
101605787
47937222
67398100
88719949
149071030
130733517
120265226
105788042
108299291
57340773
79937081
155610872
149610222
125795944
108005444
107178041
42256455
61780682
86700209
161406163
136437281
119946643
109075870
102413487
45373139
67954224
97649900
164623937
146353284
106147435
129202112
85935881
25455260
46662063
72246335
89223520
153297059
138424175
117201132
100559838
107748329
52804607
72642600
102469310
136926505
113471640
99166422
96283963
93728398
67477270
84199945
173605996
156451267
129586638
112010205
115613411
37222976
54171843
80949778
95290750
151675858
136343256
119196365
101232592
103359346
40038278
60694906
84222019
173208823
156163281
142411457
121266827
105319995
20995094
38501006
61466913
79377305
169964891
157117691
139267437
116359393
102028416
31335145
48420948
74009743
90481448
161512252
134512500
117536828
101200647
100321775
43542569
61089031
80550502
168196451
152761659
134805815
117253062
100002659
28492951
44555462
64227799
79329951
175105961
149823311
133657266
113981405
105752795
21429409
39536483
64983381
81964218
159056741
145281301
127066875
110383247
110700606
46526759
58983621
76971405
90016899
132343302
113601996
103385777
102431152
97553215
56974969
75396607
92745762
157000756
140319393
121545538
102030511
97877113
40308996
61332239
77079552
178066037
162635550
139106859
117857913
108636373
23019723
47795888
66966527
89808791
159234867
145315384
120906830
105924414
105645374
43978945
63541865
80025989
168411546
148444786
133803253
113011673
102846630
26456472
43785910
66479475
84882316
165056943
149142683
131309025
108826185
100959503
33107363
54563336
79331840
96650734
161922447
142294194
121555293
102173211
107676062
49744179
70340143
91400908
164915286
145662822
128474270
109715990
113340342
50009139
70011822
85874008
164972878
140360621
122271972
98933351
94976903
42022991
63320366
82483576
156952668
146389532
124224693
109519297
111519003
56815161
79715422
95174453
166707297
145383013
125188530
100351736
100448838
46927189
71095820
93555736
158662566
134255083
110658371
184549840
94000053
23948600
50041611
64041577
90271587
167926631
152879669
126824619
112519443
99806587
46327730
64026416
84725024
183905222
168212977
141668091
122312148
109186520
33154073
53158621
76911435
169611155
161689966
138297955
117433475
110113741
34914452
57863257
81181433
174777813
158485662
140992021
118340028
108283014
37315399
76711590
84527861
177861448
164594274
141996840
102208122
108485289
33279794
60818674
81504071
99442866
173027179
154675079
127102125
111328510
117235774
23848782
79649732
97028958
188791450
184087020
136666355
110408149
104115628
34524177
65702444
80506807
191620886
180696117
158592254
127166146
112056125
19881162
26736698
68280856
98130527
184440911
184514093
139021735
121755225
109466130
45474152
62757496
81383209
181201769
164264487
141974700
124652206
117041636
26745785
48559792
68183710
86038468
171259514
157167055
134662241
115013005
111644749
30634863
41978719
69400456
86797071
185355230
170185534
158842782
131414169
114014632
19288427
25771241
23483122
87024925
196382282
196713214
197030547
129511598
111139271
23311393
47382596
20801292
23134470
192455974
191874296
192503047
170448630
107133740
24934026
51180371
73881243
95291517
177437841
158202566
131945860
118599435
115061312
44807047
67694301
95469312
183224666
165374614
148450745
125538029
109770267
28274279
54595758
78257351
98579904
183850805
171205809
144987825
121362387
112135029
32973016
48514905
71548440
89278436
175226015
157907791
139306586
116179637
115678523
38406929
56967737
80391434
193808993
176912329
157150462
137789011
117298891
26734710
54481717
76443143
96784488
190112732
167503911
139387231
117422038
106887232
30932966
53350116
71968207
186986790
177522293
157299103
134617217
127094833
26202308
51813916
68207696
88792256
191241065
177264348
151324051
134930420
121213100
34562924
52144619
74862606
94889075
202992195
176441436
158714286
135988852
117088965
34872775
55626313
80187171
196189728
195414940
163248873
142198547
117867169
24509235
49542912
19566165
22606348
112476896
209032875
209023096
208867437
186604778
26414254
46565765
72254375
182592690
162415964
136854355
111132602
182775273
24835016
20822087
68333124
26141996
193380213
197977312
198699523
153668699
109233810
30237833
49593767
76631299
183723273
181633439
161726170
137791431
118860193
34684863
52024449
71551612
94419115
179433791
140303432
120999283
165397424
117194885
47076159
69704116
188666245
184157241
169896992
146682342
120517424
19825553
27960219
24677187
19082023
207082030
206313596
207976119
117372807
208429164
19971285
45572022
23919154
92471216
212387906
212243256
193628811
144007827
124460693
22661985
42295676
61946352
87897819
199567870
181563632
162696403
143249764
117327569
24443921
24370080
19949698
91563978
190572672
190844179
192432825
124569968
127133174
49793912
72903158
188501804
188315099
161620063
139741689
121667284
29388553
48600920
74804469
197425279
192039623
168683620
149449153
123246801
20309067
28508018
74805825
92793448
197186306
197194172
148951840
123021300
115231505
31738088
54074676
73140482
90700533
195033461
174219739
151863137
132839971
121306646
25304750
54694607
83848373
98320660
209775062
191510308
162043225
132894493
118425568
19502361
24187393
70150835
92944898
205784499
205748317
162944680
136171954
124839180
33560209
58574805
90524111
196967192
185507809
163949175
138969042
118620721
23282387
48181959
73933841
101772858
195811414
160533646
190477113
143160319
123869313
20419492
60716601
80535211
98265222
193506843
164700827
141723527
122979449
118935410
28414231
22161403
99612388
197556292
203576140
203163556
133151568
122175509
44532619
67451156
87714212
209266140
191261518
170968294
142612895
122582138
21926471
28085634
66206279
93294955
197602650
197274651
148348583
132087998
123372625
45873919
69317242
90979477
204170408
186928044
160550582
136901814
124474088
31817448
60867883
83537183
201290450
192341553
171608432
141393513
123127983
30668977
47869980
71111579
91094045
202377552
177112104
159613805
136385188
125905873
31876988
61469557
79827040
203184909
194000389
172344283
142726834
124343558
21111648
22188888
28491425
130575491
202072929
202065252
202057015
206019411
31522516
57503154
69805686
94688117
209483080
184562693
158644372
146356052
121478842
22362807
25683423
72263913
103442628
201084884
201284049
155992536
129752762
117327814
31514713
73547184
206573751
206725249
206955585
156521164
134196062
24308319
24364685
68452085
92822769
211080763
211144072
163438128
143396434
122059722
33673939
48574787
73553190
202435180
200084005
170266339
155313529
139840670
39804516
61470759
85279808
219618166
210132760
181281235
158917027
138319469
30027746
20337533
20936548
97163777
223273797
220017380
223955031
155654567
129756042
25285335
24425313
28864731
101716554
213474253
213458652
216700886
138527611
136262799
31417345
68943493
89481992
210966650
211222390
166842397
150624430
129996501
20481173
30652558
69402042
82767211
212008944
211928699
169299540
150805457
129800872
23940561
46879601
29609637
120487868
198984646
198910387
199723935
176624461
27528634
32078257
22543297
216943523
217311014
216945201
216617163
138296747
25124557
24167263
71412788
95973623
219751733
220323890
172543181
150324306
136733687
34206408
53219088
78753210
205424815
194394777
173347589
153965579
128691109
25942390
45542985
22820313
98453237
207506165
210410181
143611557
191161758
117827000
33289059
56443991
77570456
191353902
191568911
166684006
140258524
123818660
25692448
26055063
23784716
147441231
222738812
222747330
217858867
223273858
20259401
25120437
28083709
96952093
210991423
212602050
139427002
115836745
217368713
40151602
25939585
87115726
114129433
235977777
242724946
175444314
154394148
132564154
29969075
56224785
81995789
228039631
222876699
199522950
173247490
147541417
21907002
27219440
24166437
93576355
219903903
219937216
224150082
150852157
130150500
21377631
28556725
32281961
206519935
209654386
209885912
213428900
132021019
25648028
22052485
25977714
90287234
220183519
220469581
222114881
152411795
132395405
20250254
47062462
70203979
147616850
217248366
216923438
199095311
171583501
22495411
26693751
22845706
26932517
218517713
218988836
219231033
219757074
120948608
24277679
30485702
74317877
113157585
209814419
210056900
156538711
136517985
119045013
40145644
74256174
102842079
209508081
209633897
147880914
136080843
129380717
25705452
20792850
37382718
226655189
226795961
226800097
227447344
139480809
27315184
25419563
119069738
190813965
190869576
191023999
191889198
102316387
34438056
163060877
286437928
286584496
286518451
150978970
141589986
40315825
61821705
86578501
216423750
201685835
157857658
132964910
180001588
20201137
44440772
26249895
145585904
218775767
219424072
202331266
222820128
22945263
28783089
75319846
95409752
222964976
226367140
182091139
155612901
135332201
23199321
27224120
74713475
225600478
225500766
225034412
179184057
155240487
21510939
28434511
24520595
101174897
222825431
222833846
223367378
149065478
141999488
52584295
31667107
213573514
215869623
221168406
201701802
137806428
22861135
25134833
22248082
27626628
220239235
220025949
220029649
226082735
142488192
29790444
57788890
82174129
220481578
208883608
191618777
163610565
139209994
21744488
54754283
77953459
157217585
235538254
235655420
214806570
181669206
24114490
23744970
68388433
100980656
230131480
230278577
183723049
162927173
130227143
24728506
29236856
78106712
222537677
222765748
222849624
169964764
145679728
23682885
31112859
77445979
239669575
239680048
239687759
185907091
163002680
21081741
27285789
29053162
218248149
218519466
218535532
219089331
141942380
21694505
25641475
73087016
96836367
232518601
237500958
165451969
141712549
191899663
23390446
22669028
27389589
221780739
221657859
221670858
222700831
154497392
22566098
29572617
79852498
239040024
239477167
239481166
187896763
160279992
22708404
26691131
70241947
98047126
243785947
243813728
195585768
174302454
146497067
21891536
34128183
78192985
235550449
235548737
235550557
180287868
158089151
26327999
25840438
79011337
232121692
232082067
232096451
180586810
153775620
21819793
25193740
24741534
99508673
132666334
232237488
161071742
232995950
326399150
24985631
28763673
31961839
157370212
337366793
337942898
337651100
337514949
22290321
26830580
76358771
233838435
234197211
234208805
185964126
158580421
21334581
52009449
34705726
220484914
220537277
220628177
200338438
150514370
39177975
67159260
90369002
221079259
205068900
182849439
154876470
131616384
43877003
32750739
113258603
256358727
256481475
256444613
180685479
144152071
23392728
23296731
72915648
234944153
234953321
234973460
189243020
162848532
22305253
23378204
29091773
244358813
244398017
244475087
245159358
170650048
24438628
52964494
22192140
153469648
228495130
228575037
205079997
229133985
24432748
29036174
79593189
239567817
239617946
239697516
187098808
160898221
29357040
23453374
25822144
167171895
245660048
245800133
245785950
246412844
21257311
32680564
28665412
149350418
232290063
232658675
232961418
233933919
123604795
28163823
25715779
337632122
337571908
337277740
336976808
161877079
23581402
31980661
22624114
103215814
122062852
238743694
244843907
245809924
224186730
127815899
24259544
34975858
30514378
143194238
233023092
321841465
315739405
315302859
22813757
27352170
35098568
241208775
241102875
241110611
241700735
156724542
25045374
28472871
79738118
240604792
240802831
240852333
189104456
163158375
61552227
24371298
168664990
171129888
174402082
208550588
148914486
86866904
123799324
133042303
120621744
118275374
130766838
271411375
257046611
235899510
213418830
250651134
33703195
42994584
230009941
232418773
236215303
268325217
144341914
84659824
264459881
260532674
228666182
206271198
184214428
118934637
150716853
23086947
228690518
229006467
255330261
167965424
140814628
318975150
318184844
291533653
262396496
234746377
92871678
30397711
37098208
286299404
286137571
285536560
285201594
142070404
35371341
68882416
86456211
243578005
229641408
210320703
176856699
159329087
22970157
26780575
74364596
234438396
234630817
235215757
187653573
161744039
29293177
25789719
31604969
256557769
256486176
256909195
257796192
171615940
26137588
26714226
35253741
250688634
250594110
250678837
251115481
163293982
181756214
36092906
247621319
415962807
416249382
416199582
198957779
169286770
25809022
27762727
32499002
256815430
256820527
256820154
256815176
171602031
27936188
25646537
84537365
160259274
160720274
181187622
155916703
158660685
101149812
241544503
221108511
193461432
159749147
166840340
33917228
89811933
255034477
255383248
255394462
196169623
166278954
27999136
24105129
36912242
216156931
219445005
220041003
219900779
136602527
36912394
57087929
82121477
305922271
301176271
273247255
249713351
224806541
172684970
172610548
172595571
199423569
35256107
258484858
287007100
287148319
290476442
228513377
204662120
24741748
52824507
34605762
238051197
238344854
238230186
217954815
155123801
25203018
32392520
85295161
175295210
261040336
261041097
261026439
204603833
23276432
32480151
39919600
210355457
125891842
221136546
221181940
221517415
33452165
164357615
197982642
197888701
209116976
202214159
27806779
32568781
36215869
236836952
236427992
236423506
237443841
158308532
32088617
77708269
280259666
280378979
279592686
225436836
203295150
115314170
37453861
24043923
104430397
281414489
282232708
282238769
309393258
25202971
27411005
291304164
290856931
290749081
292008855
211218642
31352061
37607657
94945148
231052550
231052309
230978538
163351504
143622492
34045021
61505054
94702163
293252972
286993961
260456533
232984347
199841610
26209432
37077391
32330082
363791911
458969436
458920192
459029734
458987042
207420746
44020145
230173153
481364585
481670500
527596580
45726663
616557829
164854952
198325821
229464115
237067871
193885026
164951936
163731922
151966402
71867158
90400800
220448023
188249503
238825924
220243412
258598505
27749754
35140032
87260109
250365924
187857947
340724248
340544240
163656031
22218292
33381151
85697050
285543690
285628476
286154258
230861125
200668396
37933146
31145089
30705769
131761641
231355667
231245724
231146396
242209042
40170972
62506454
87140301
275851229
265619433
236738406
214288581
190364390
349372124
43629247
207821862
601065481
600950563
600301671
602033635
27650139
34606460
89255564
295137007
295163899
295213588
234128846
206763854
26184269
33369088
28681719
60230015
148594294
148540243
162132543
180439432
19202560
16073469
98716198
137712709
24712095
171857640
320667096
267867567
236722572
334951493
25626776
33342801
31224332
167766399
257881410
257867209
257880609
258526156
172507161
172413325
172417653
172394153
27245140
36810187
38375017
261895214
261801919
262211216
159964018
27489152
34932532
25920998
185301762
274456337
274532796
274917166
42120187
45046292
262208983
1058417181
349092199
349102394
349488852
163947942
32090055
233279855
517678384
517769215
518924544
323472463
325989535
74970767
159258180
233923135
233786969
233653445
193330455
22707403
32105793
82779228
217535398
300882625
246276692
301279016
305093736
59687948
31819049
129781490
219819481
219407607
215293847
153286811
141678629
84125237
191553502
194479196
170544878
143621307
128877591
54094071
74183472
291928004
291742501
274252304
241581459
218506030
26703317
44593553
146073147
145916650
165878954
23835417
34760948
397250582
322478957
322618124
468935313
244440474
307515481
100729525
409543049
435784601
462760437
31352340
627935613
220135643
218471489
192260519
138825100
31618469
64156956
88325656
272808287
267880091
241879790
209341131
281230022
281715875
282187430
282442337
26913466
33494483
90581594
206827176
296904714
296650468
238036089
25132922
29990118
27705122
55448942
151865553
172738198
209616122
1000624388
264547708
250906759
193597516
166736354
24410122
36881279
86423750
256354887
256598334
195931037
171135154
28382192
43068002
202591653
274314511
274306016
279257848
30112892
53201255
25285295
170586495
256063673
227431889
256975607
28686933
39366381
93978691
270207750
270274615
205157475
177582000
24593560
32570887
34266724
227322794
227121183
136307920
28365133
27790832
88946762
264421461
209527979
176797143
31965660
28219662
32023996
147400891
238985425
238986924
27407150
53748811
35727955
304158207
278789189
216454424
124084666
41075030
435174637
436504424
272805820
36549105
49756272
311616434
396993855
35356249
44296393
292332188
34915045
38613513
28307503
82302342
