3525503
1591927
1514498
2964135
4925171
5207103
4439846
5863264
9714569
1734140
1696720
8019449
4642902
11763062
2080692
7798777
4717981
4512283
9453706
15741896
9599430
12777341
6915713
10861782
17069281
11615961
2988797
12964938
11581239
16701517
21918182
13692727
12517894
1492506
17608359
6070374
21753836
5550285
1688488
11599993
10033573
4278318
5264126
6886057
8951939
1497849
3106491
6453396
6209275
10784493
11390967
11953032
9366837
14438623
3061503
18745405
3231625
3175408
6367285
1651226
1831763
12206839
6655072
3323169
4761979
4499842
10107133
6695670
14982565
8928031
6772132
4824805
10506840
5645536
10244975
2478296
3972204
2330882
6568437
6433332
2520403
6405546
3761720
2332398
4326530
2143530
5312275
5516981
3160763
7092791
15690065
5442459
14511701
6014463
6700997
4876867
6446724
7039456
6213185
9576970
7170913
9688124
7680729
7016544
10126407
7056437
9658121
11939678
5483397
8782733
8959651
4151510
8409009
2022308
7297566
8231186
10270314
9937821
10185883
5893829
19020744
14810222
12926221
2473299
8615261
3298323
7096603
7893379
6978833
5956262
8974335
5509345
6996752
5693650
6258123
5882979
5243790
6032400
6866503
7699054
6595780
13394508
12707647
6825810
13939583
10504545
3781653
6273696
2578326
4589894
3698627
1619998
8435165
3677575
7917920
9939516
8031276
3988859
7605071
5251747
6951872
5214912
7501246
5698579
7407442
6754344
7177887
9395885
7262651
7710019
6840181
7154628
3877515
7747699
6441024
6781085
6448954
5759539
8057097
6702407
7366629
8646752
8055554
7938746
7702805
7983669
10433029
5341930
7398398
6973679
5069679
5762918
8098011
6383976
8744480
8467455
6308633
8258729
11072700
8569523
11013172
9111969
7077351
10731847
6943882
8495454
6276848
10462828
9854379
12545342
4047706
11468971
3584377
2262833
12353211
5919860
6833463
7564309
9262953
4864866
7190128
4868977
6065251
4274304
4784586
6655379
8887976
10963797
9123247
13090943
5375202
3922373
5427488
6419956
8029046
7820329
9993661
3177136
3173393
8124147
10637450
10550265
9637043
5918890
7344952
5785752
6922432
6226252
6907961
6191142
7574319
6252853
7938681
7132620
10028147
6447427
2270288
8188802
7831981
5066092
5734659
6747371
4381679
7144456
6718127
2304726
6572122
7815642
10549421
7047762
11379626
9032067
7447142
10926456
8303965
7902943
9137416
5459439
6786664
3758876
9720202
3237419
8227046
2551750
14852958
9681734
11228758
13815821
9647990
5918810
11914087
11739924
9911275
12388276
10468938
7203014
12232279
8422195
5931529
8617518
7174304
7494570
6632609
6904386
10703668
8972839
9032661
11284350
4844039
10035821
5920655
11849752
7667483
11160296
8122486
8634640
7698922
7449114
6446487
8580780
6750985
8540562
8183592
9604833
8838664
9006444
9548259
7401371
10424568
7262854
6406663
10719277
8374801
6812738
8959910
9078995
5793861
8851005
8035938
7434926
9574323
9198095
9588466
9753708
11536844
8015245
11368523
7844749
10933216
6105305
10929353
8779608
9049113
12250110
11123495
9969585
10867021
7740820
13239763
9044771
13669204
11118604
8274843
8068727
11069902
18921619
21326547
15753604
10136238
3836690
12596738
7917772
9890203
9550564
8877496
13307041
8518842
9862316
9936169
8633260
3152534
8275671
8107793
12617031
10765452
7789863
11960388
7972414
8228043
8306016
5134107
8806862
7529840
9410806
6928397
8885255
8469810
10008786
8944154
9519233
8187477
11042426
7696328
10692665
8484037
8172183
9200624
11212885
7866046
11351716
10353339
10359250
11273943
10662690
11828605
10593621
13021189
11109871
15870889
10221734
10454700
8280517
6858624
17321007
10703876
15196966
11533501
16154545
10198933
19021539
15277485
14736645
16993605
15273116
7580700
13530527
8753910
8133311
7239227
7345257
8248164
9810083
11528047
9338423
8907041
13677342
8107937
11279250
9607417
12048350
10423606
10920946
11182095
10681461
9708090
11845152
11297540
11627502
11102997
11342280
10138960
8688467
10989529
9449449
11212146
10112584
12186032
11175453
12662479
8809817
9948052
14779692
15048433
12280514
14755723
15604293
11065494
14629643
12358135
14822772
11574510
11767001
13519920
12286419
16972766
13397531
13839296
13870106
18891863
15619421
11163529
12087745
5459522
14386987
12969289
10328661
9821696
16417047
8480005
9194642
10770939
10651613
8607303
10255785
10038086
6725152
7826903
12308136
8780521
10427286
9914010
10357736
9402389
9345385
9755818
9176550
14464020
11024261
15665513
11488141
12388646
9149236
11357237
9569297
11398904
13162570
11009516
13069737
14475234
10653578
16128890
12150393
14161494
10988001
12819206
12881666
9215827
11821396
14431875
13359389
12999713
11942897
18720603
14961325
13712819
13699623
12536895
11662161
10291015
10482757
13992401
9163035
8597571
15743437
10145737
9584543
9019214
10153848
10122860
9354339
9308464
12029972
8382849
8375875
14107897
7606399
12540855
8692901
11683279
11505605
11954814
13099008
12045613
13422650
13219810
12281140
13406157
12906479
12662441
12475944
13678326
14469081
13836835
15546595
14925223
13182033
15642104
13858516
12965383
11634793
12586917
15526878
16234591
12523135
15936101
14727432
18844103
12051622
13955727
13727555
15495942
11585852
10185006
10675158
14047156
9950219
11505086
11659001
7492461
13967144
11364698
10281038
9950258
10347821
7846286
12281897
11233410
11427553
12144337
11318693
13070862
13791504
12880493
14670953
13620225
10893209
16825104
12706029
14686642
11484581
13723187
16271350
11840217
14864458
13895164
14040152
15773161
11921026
12948773
14392320
18786385
14167210
18723628
16501985
15090479
18432184
11002278
9398061
11950776
9849739
14565430
10434246
8697492
9035722
13237304
9968311
9935169
10673264
11439241
9688357
12067685
11353110
12560488
11946766
12869364
11613710
13952258
11466708
12688357
12680734
12620643
11649869
12031605
12401017
11375706
10728502
11194799
13964671
14795418
17050536
15409085
14689762
13981018
15668071
13554908
11914761
12820334
14751688
14247591
19356787
16558817
15948941
20888318
25128574
16560826
11118699
4465830
11692496
12920317
7846396
14635723
14950142
13529294
17359755
11097185
13855040
9068563
13438424
11089953
14002090
9774132
14104969
11517675
13137304
13713388
13346091
14070793
13691342
15055046
12341241
13967845
12662353
12554459
11182179
16027093
15391121
13377201
13683318
14530597
14988619
8882708
13996146
15899153
12217512
16888580
17401385
19543167
9816804
13018292
20209612
15768961
10633616
12226041
15683890
13475931
16300251
13595488
14830873
11128950
16383481
10458251
11546298
11813408
13062824
10214717
12682912
11617905
12622620
10931748
11283650
15102278
12472743
15730440
14205170
15456937
14506029
14249076
14452676
13853271
12605095
15599904
18617243
12626733
19061424
13429787
18982664
14609109
19113216
18269698
16578755
15079409
25309675
19979887
11927303
18617593
19702191
14440617
10117365
13672480
11924040
12351174
11424916
12883486
10681257
12108828
12528724
12408913
11210445
12107957
12559829
12982745
15288637
13328843
13211875
14937668
15654496
12937954
13370659
7044410
12070388
16320252
12972559
12717082
14438973
14502393
17315310
14061955
14543496
14711676
15018754
17135750
15069780
16407755
14020252
18567426
14407873
11628714
20459738
25756667
22066452
16524847
11462099
9754060
4755161
3191118
13427083
15023439
5169920
14700292
25851192
31616748
14443257
13093849
16531239
12867631
16202493
11970037
11744458
16606691
12772435
13706315
15848182
15697852
14142486
16277613
13482879
18729266
13318050
15969694
16102962
13537261
15926999
15517942
15000778
14600477
17650510
16816530
21944686
18015879
14300445
5138534
28786801
22143628
10960764
22140499
5311937
8345932
17632899
13579689
19030134
14851290
12948963
15089174
14337387
12013078
14206777
12754943
14538962
10940098
12097891
14812421
12124561
13687399
13368126
15593573
14970516
18296950
14978118
18200693
15296780
18122690
12410411
16586074
13414284
16855283
14707893
17651263
18130201
20708083
20919848
21939512
14729966
13453702
26996617
18454019
11202687
13559434
20687990
13909684
9369766
13102825
14904516
15638699
12454907
14149858
16018572
11827073
15644213
12695753
13191377
13858021
11729848
12523400
15608014
13459741
15206315
15882987
17483244
17979725
13630675
15476613
11984784
12789350
15328946
13398900
15463984
15087768
18123666
13134745
18538647
14957391
21055747
16929699
19731846
25736037
21166581
21830524
15248288
9983273
19214887
14592768
12378945
13566760
13236625
14088453
11899473
14024862
11622717
13432665
13408452
15917357
13245892
14174057
16066794
13585893
19957355
17070969
16359285
17785068
15021987
10522364
10562403
18414033
13136614
20300295
16112536
17666899
16549829
20332306
17242350
16852854
15919375
19140234
16055154
22187992
19593014
18556506
16069583
19087015
11607044
16921595
9959700
15339910
15385651
14549357
13762607
15027225
14380989
13658196
11991123
12902473
14888121
13534407
13365922
13338032
12729628
17303087
13426108
13989125
16151034
15405790
13077352
17358700
13888725
14573426
19223598
17310933
15434495
16392803
18705768
17861271
18521593
16249907
19367754
15658066
20916245
17393466
14760787
13377180
19130242
22255559
14219761
8697639
16445190
14449002
14548271
17166194
14993261
13444498
13919314
14928547
15462107
15022763
17100827
18250268
17390616
17884338
17291728
15665860
20221355
14960501
16941226
15338104
16474785
12766937
16464865
19958758
15540641
16938258
25482493
20225967
27800263
19311866
25100825
20507878
19329502
15312957
15918506
16590026
19603962
15533320
18353681
16767437
18582747
15862664
15499326
14770519
12372990
12413667
16571446
14312819
17001840
15525579
19626477
16896363
19130653
17255121
15226306
20710579
16819194
21136786
14125056
19041992
20240484
17964124
17555606
21504282
20044342
32297739
23373076
27419772
19193582
15889960
26943494
10545813
7460434
16175072
7404610
13981109
19177669
17764681
24471177
16197619
14804588
16008643
16440314
14608001
19552389
20418027
20280578
16366802
20418925
16223182
18824082
14176536
15342482
16407628
19297408
15211958
20577730
17520459
16978499
25061520
15710188
19192272
26595577
19520777
15958976
30185175
8121981
23597947
28145527
13107146
6775841
6236427
7259559
22669973
19917729
24219174
26146466
16767092
18074834
19167976
14755073
18941966
18927766
15670123
17713424
15169255
18584158
17463456
18888086
19727783
19820201
19891111
16125409
19494899
15385165
19025555
13753179
17178734
19920135
20884824
20735995
24196579
22808361
22016307
19043990
16965418
13393969
16540475
16409438
15561561
15852669
18447488
17943171
18501682
18655299
18165758
18137719
16645181
15727209
15668558
15293891
12765806
16583506
15132178
17166654
12949751
20954813
18551227
20064946
18037402
20376609
20544058
18737306
20383106
20369078
18075709
16465904
26421188
21865248
17937557
20064950
16432732
22629225
18442332
21525210
16564244
22136605
15354985
18025747
17114171
21662482
17574852
19135708
16643861
15853195
12192531
18181482
15560647
17820327
16919791
19354423
18191188
22389010
18452658
20222221
18573966
23117616
17878363
34288576
24860543
23396686
23647754
15587342
17665891
11206430
18797168
13660013
17914270
15022547
16048367
16083922
16322399
16513579
20404181
23997694
19462399
23335779
18701748
17795559
16336712
13275318
15737781
14486778
15631906
19512599
18625834
19047081
15434412
22068347
18423730
19164210
13593521
21255739
21685506
21952953
21971975
28276366
21755323
18494538
20165508
17386252
11538667
14250873
17824790
19150498
18906324
15903252
20207401
15244762
21689310
18852846
12269114
20327232
15006557
18798957
14253752
13868990
12955437
19563904
18142146
18737806
16837726
20019046
18710535
16989811
16220647
22052344
17339029
16559490
28476171
18750813
23107334
21250659
20883777
20002854
15846240
17866465
18222130
13270142
20116052
17797258
18751751
15994695
17117685
23039609
15200725
20489427
15852336
19014005
16502898
16393193
15594963
14956189
17833341
18789317
16564612
18587433
18057101
20545177
14912679
21355751
19073004
14540494
19671761
20125476
15296809
22337802
23111146
16954734
24161483
16090262
20095655
16760060
14473306
17011147
21696718
17954273
17488937
17622296
20185315
19103608
17562633
18770384
17816829
20298082
14344326
12486689
17969897
18811835
16741163
20386032
19565078
16483229
23875505
20330961
16413817
20154801
20139801
18895920
16759619
27278844
17662561
18880163
20571602
12698084
16263549
18916643
22942808
15609103
23132723
20210474
21337029
19863057
19484392
19202420
18882662
17930293
20345804
17642404
13955831
19629498
18641004
14022908
22133508
20873716
21746068
17290673
19453746
20811730
16424203
17532943
19877255
16361056
18039806
17507518
20446245
16191641
18812389
22246805
25981647
16460871
21779757
15194285
22808626
13578912
12752716
16317549
16119230
15313913
19540579
16302083
19054990
18213557
17822277
18106975
18437057
18402018
19252728
15033160
23907453
18186783
17855543
19718362
19425150
15875856
23777615
21342398
25372370
20496991
17859297
19649296
24375746
17875511
16842995
20994991
23668245
13188133
17682607
24446822
19458872
19776963
17335357
23490499
18631470
20366409
16933802
20914337
20243865
17476477
19979959
19251668
16263822
26393315
21394292
21050578
18745744
22822862
20548130
17762761
20037406
19821137
20013000
20659589
18578064
21169722
19685296
20889048
17281692
24555910
18982948
25131877
19764214
18997177
20743461
18066793
19839579
18571850
20558250
22778520
18539334
19654550
18349256
18866256
18946895
20727728
22716701
20244782
22953071
22648700
21290652
22007597
19267748
19745289
20842213
23589043
14407103
24247263
21877894
21318321
17201860
21246201
17020821
21715507
18685808
21022410
15123934
21418494
15799152
22287852
13411651
23285431
19575168
18843423
22369427
18015812
22871463
19280116
21711670
22354574
19634546
23532590
24928956
21144496
26195951
22309547
26973922
21562999
14513925
21487784
12345545
22311653
17699169
24538150
21481274
21590866
21715731
23477322
20859702
17974808
16359183
19188049
16057196
22157877
19827223
23710412
21605305
22038992
21313089
25466036
17972609
25170868
21214702
26062551
19777954
19345373
22750506
19546428
20148562
21245166
17921915
15233319
24042498
16786280
25083405
18512096
23483297
19234098
22297671
20688959
20119640
17589414
20062533
22393777
22394106
23864670
20758379
27079191
20002089
14192325
26980483
20170937
18629193
38583985
28047122
22490098
27506449
23287111
11192926
22772667
8541230
16590581
26858861
20041046
31634972
19231222
22365089
21180213
21347955
22232604
20042894
23066646
20132848
21382063
21984384
21927025
20284061
18114273
21855008
22366363
19424060
22767715
22812520
20028533
26332566
18807756
26819415
18669998
23364117
16435498
24541038
21100189
20935823
20657919
19769850
18756482
20592609
18779825
16601215
19636841
20670068
23191531
20907493
22210829
21776452
16658658
22205530
16371923
22860575
16583514
23978930
20516211
23284701
19442597
17730958
25981974
26008199
26432142
21304335
27390406
22172941
22281748
15114540
20640694
21820312
18847090
22712778
19414924
21916833
22898718
22794708
23071396
19914742
23111842
19551057
20630724
21056161
22169550
20516447
28026709
22987553
23655639
19309524
25065157
22991289
21542424
20169886
20854803
31242536
19228688
27507765
26592123
26159688
20841400
24048866
19329325
21428088
13857614
20329815
23250594
19773849
24133414
20888992
24943013
24000918
22084221
23509861
22032015
27441682
19630667
24227551
20741230
25188146
21483620
19545751
22903608
23149007
26797294
18340523
26553395
23598667
24345723
18049443
23094364
22084149
16480555
22389550
20336472
22134505
20068089
22414725
23653858
20064155
20135950
22963345
23511308
21222330
27285366
18885951
25014936
22896996
23740973
22010154
23001849
23062223
16346490
31190479
23062166
20220504
19169405
14213094
28025058
19346592
26891731
21120753
30195283
21541941
23327710
23511766
20701390
24999864
21117997
19216086
19587794
19767792
27671575
19850549
20913190
24263264
25152913
29907691
19776447
20404364
20822675
21072716
15848722
22081311
22394697
27150921
27942912
26411447
22973453
23406242
20492302
22709736
18005514
23649638
23563549
22301639
26862470
21491060
24240105
17561356
20649720
19395593
20524287
24132474
30277198
27176750
26825350
26381284
24878491
12235853
23891542
22821427
27572255
20846271
27317171
19431056
28344639
24301141
17543780
21714144
27234907
21170264
22943585
22093026
25253799
20225966
23114547
21075949
24701588
20082704
24180220
22224035
22369611
25606806
31127262
23383335
20389445
22360926
14141942
24451871
25467367
24431117
24043375
29158640
24348029
27737761
21267009
26186217
19584684
24652400
21485443
21197106
22405364
21576542
21860526
24238666
23508343
25658036
22047843
27464701
23232218
24123442
26801684
23328545
27082387
22568625
26156673
24034571
20780742
20026258
24804054
18723422
28082935
23530441
30772376
21193263
29828531
23755627
19989315
27250950
22082380
24713621
20319606
20686698
20254006
25807477
21494189
29286909
24731079
27684546
23454000
29666482
25640926
22790023
21112945
30271577
20720204
23548201
24628487
25971069
30856693
24445006
29158801
24086946
24294634
23743599
26687241
26241089
23834728
25510008
27465922
23020032
27068512
24241910
25812954
26263124
31283888
28184572
21398651
22997703
26055984
24375390
18745081
25545541
27655391
27923803
23752637
28260188
27351260
26237514
24404190
30181359
24829169
26438573
27090079
23664783
27090848
28317014
23970815
38506964
32806174
24460096
31134059
13623570
29128039
21853746
25310283
25852843
23395555
26585438
24227375
26636903
26753034
24035387
23482060
26556531
20420092
25015872
20548264
27910529
28207022
21460822
25015179
27560947
27556522
35275022
26263258
34718774
25954889
25623820
17065952
27919858
20248285
25571670
25852168
24906257
20109081
29236511
24191712
24003682
23307239
24591139
22537732
19461134
28907658
21643741
19031135
32720743
32914496
21013259
21100441
29771443
22295690
31749727
25294085
27158009
23621166
30540287
28187330
21858801
25253736
29333622
23015932
24189788
24144568
29082390
28094434
25758443
26572579
27566311
28067279
25683005
24335721
26234982
26153926
26094013
31143538
29340659
28193616
26595446
27866496
21224540
27850673
22279959
25092583
24167376
27109422
23955960
24921188
22643808
29929424
27429385
25805684
29889335
28755210
30541054
21936483
25548275
26606781
22002386
26791918
25403477
31313465
26571042
27939732
31764270
24028441
26260354
24187404
26357114
24720083
24627139
23427973
29798168
24506969
22965102
20474549
24862161
23687436
27610770
22997826
28502825
25593548
29139820
21197090
26862734
28920904
31767600
28564534
29924945
33959272
28632018
34629946
28501888
29897687
26924911
25241560
24403877
27199685
24941936
25226497
24717146
30416467
26510151
31006208
28592242
28361785
24710652
25493645
24661762
33670367
37128424
27850956
34256754
26696451
18481289
15941880
25322103
21925153
24397355
33353256
27154842
29356436
25923629
25881289
27967500
21575566
25892628
24275078
29812625
23612281
31924940
26118328
29228483
35409158
28163050
26147252
39582834
31353496
30967162
18963978
26304618
22494919
27061264
29688035
27295098
32412095
27361342
23590786
27945585
25317978
22151559
23175553
28577205
26153554
30114164
26938231
28607587
17361019
27513638
28315801
22132442
33782972
24494887
33117507
18163769
31231775
17991260
24789908
27550873
30787469
29014832
34473085
27529461
35048553
24621111
35426655
29581948
24088645
29009154
24520340
31434018
21738300
29551651
26736424
26761356
27488644
25990729
27148604
20970972
25446962
29837654
22652500
26949918
25987953
30952459
26866267
26880398
29135139
29051195
25729497
24763153
31957417
28420524
33166144
25746231
32920022
29141504
26527398
35927683
26923715
29039544
19551968
28976465
23398968
18528623
28796229
25404674
33089876
21670798
35064870
27657760
25264612
22214640
24595760
27625771
24861212
27945457
25268502
24977260
40485171
30517226
32246003
28135366
32795890
18391916
31468311
27423092
24235658
24055079
31680401
26924567
31184216
25164068
28908068
25892595
28426080
28265753
28644925
27671668
30277952
30148663
29024202
24986023
44200667
34482768
25625456
38502732
30654935
14457577
30274329
25939789
18124872
29772432
25335584
35396038
30682149
24377445
28717231
28220128
20371273
33896171
27308427
32550765
27509349
24019545
33395718
31820317
28951353
24215623
25585443
26442975
31050322
25605316
26968671
32529497
29834608
26252001
23128736
32052482
34009789
27964140
30935288
32070307
32221256
31375420
25747959
26384296
29521650
24613732
34346715
29795570
28212420
29468658
28212976
19594861
30153731
27227837
26240075
30786907
28598679
33519972
24065094
33250592
29534694
29066725
23507159
34195417
32197934
25403559
29529946
32139558
25377764
33748585
28166566
30242217
34050158
31549968
23599219
28412409
41710377
18567363
37158017
24519014
33409843
24894563
32086368
28681483
25399523
28012524
27247527
21942242
29520461
28781197
31659651
31478591
27810207
29311729
26307153
23865267
28173292
23650556
25891129
27360520
31467559
33027995
27300645
30929878
32630151
31777002
26769353
25088688
22367377
30804115
22027973
33593248
29307707
37565682
33706356
37833170
28641690
26152894
24891887
25097437
17661559
26927493
26312285
28131928
34586678
28057678
37212001
23863208
33266417
18506473
37010634
27772755
25796116
31352011
31909065
26506791
38486995
26602883
33116088
27654942
32467236
26559444
30075273
28656809
31348010
26824490
22774140
21703204
21501409
34016382
26693235
31981643
25377980
33817018
25917964
28747784
27477493
31048681
30060926
30031685
24620833
44838257
38924931
34615517
46601010
34931902
31546150
21617025
9681464
29806816
9904894
26587731
35351747
37244369
33745607
25158200
29288874
25830971
29069038
28355243
27968823
28823565
32025397
25505213
30802032
25854614
32069091
32805495
26346599
31793527
31643527
29696556
31838175
21511271
33449126
37528620
29093922
36831770
27168656
34171363
21431071
34923498
25168898
31042104
30040379
29619040
38800600
26151248
23947011
39897595
35585288
23217075
28931880
31860815
25794967
29658468
28971001
32951727
29811162
29328906
30497240
34044002
30636438
26837596
27047245
29087850
26878803
29439590
35773414
33783818
37237379
28512162
35817794
25140869
28274543
16489558
30634234
29303803
27084897
29865695
25970237
36113329
39710113
30849458
31262258
31682656
30859266
20085896
32051152
30908761
40079369
31868781
37854225
33403334
30643980
30226131
22269600
24284079
29215845
28927610
33841845
29489062
28849988
30359998
39043633
30086272
33827573
31035689
35043666
29794553
25200236
32150135
32265290
26815221
38777462
31298700
28955939
25533293
22127517
19516573
29880883
28911173
31976966
29403563
29462400
35263648
34068176
30072243
32294490
33619423
33478261
33539173
28849813
36377709
35322617
27364440
42401609
34315762
34198122
23870404
35045561
25993393
34689296
32948825
30888377
27082571
34567069
29127550
28542644
31177547
33107208
33437117
35331647
37741711
39531372
30183922
25015313
53394411
20503567
42539290
29898377
27826709
13873715
9535469
39695268
11250163
37595574
35951155
48597488
29096230
61412516
27495329
39103700
28917586
30015104
30527583
29488418
37820786
37596390
40469141
34030235
33423191
31752620
30245961
22454270
27263504
35538944
31908204
34112068
33929184
35090739
31418216
40419970
32645171
35490992
29947731
34596622
28716701
30343597
42256452
34814135
27290648
38672009
34187180
22023170
35738493
30595028
26594952
30770751
39048795
31241292
31746634
31246150
23831569
36642365
41173439
35768146
38955590
36907663
33271856
40828096
29799420
35483261
32111584
32212115
34699909
29814970
25663161
38150398
26725415
37257738
28039052
35443979
29259373
32524405
34991214
38235372
37265207
30317318
40420499
31572433
22964288
41814254
33076528
43768219
27480200
38351785
28521971
35516197
19860302
38237959
28540086
33923817
31568792
37987081
31653859
28149204
44579555
41711831
30820070
43619535
36425116
21999849
8892784
39088256
40265159
25930631
49258398
39637798
31498415
32672172
29865766
33821938
30549042
27561298
32350251
42385444
37099761
38362219
35383774
37041572
44244330
27662209
29990384
30649150
26624340
23249680
28656284
30208984
33574096
33243937
34129302
39124599
38242900
34656040
36660429
38436641
31371457
55248661
43564287
33386924
11251398
48426716
38907307
12605747
32879909
11759002
13306336
20525568
44543015
28186449
58313169
33706265
36302010
34217420
35679952
34030984
34374263
32598809
31995173
30411680
44961289
52858497
36007467
13494183
44733865
36214971
14004498
41141253
7287560
25887154
10851551
35338353
18525013
32527566
29905597
72818432
29565102
84381702
27652345
27295133
26915240
57490804
46578114
38836198
11274779
50074420
43706581
13290774
40540453
35799574
17533474
11754842
31619211
58935557
35075820
43431140
35407834
33601333
31504080
27587330
37738870
31146138
43642714
31393129
38267163
38153944
41268620
34526464
37509421
33053122
36625873
34205252
30454853
38700899
33309047
37313820
32217134
42645385
26327841
40793257
32785610
30873806
47154533
33666648
28717427
46267246
20399132
38944443
29883968
41947870
40210410
31806907
30834765
31557222
15781634
26666632
11865908
32422899
68670768
29751331
63221179
38933082
33139467
39528519
39392322
30883969
53254349
35128037
47811374
29905361
10302849
34774691
33942797
21805508
29728593
35639572
12772300
41532917
32250398
66948615
44067076
45718169
26632360
46565346
38495860
27004734
40151436
47008197
35200235
30284505
30573038
26794120
32217395
27605319
39813366
37600829
34198660
33594764
33587248
31173514
37280371
32771323
26626731
62960617
51027307
40661294
24880665
17133019
26883040
29937580
13254377
31217216
44726458
52796773
37163560
37732025
41871399
32842986
39793362
31154361
38707548
28893504
37449821
30079563
36538714
43202748
32090281
33524284
30396937
36892107
34202139
31019963
36605753
44126363
36802620
37365044
31447954
37743725
33227327
31814215
34545988
33062626
52746623
42162884
38192005
38316706
19676028
33736625
32606802
32034701
28727799
38782670
35549459
37804563
37702968
41956361
36348921
36923214
33146639
36769423
35522322
43254839
34206109
55762761
46989252
43019442
33257558
27048412
16143034
39502974
25844945
32741070
32915460
13141397
30011911
56551803
36959647
31305105
58006325
28896972
40832478
34545860
37835696
34658203
30349086
40029832
32419277
28022639
43256117
36937406
32652206
43886108
43474267
33306621
34628441
31590926
35360190
22030452
37023563
26165398
28130025
62009476
47852553
36836936
45909169
39282262
14668428
10178008
44398080
26382287
37271853
35370004
43997780
35912991
38858244
40189520
36476658
37484129
44246803
34845614
46344651
47248026
54366643
42642077
34910126
39660601
15071955
36703456
30657360
38594937
36347334
38847680
32702714
34027154
28908976
35107558
31178480
36365613
39491243
44301372
35897201
50819058
34888539
43884282
25426948
45277854
34615177
39764117
37404151
35663015
50990013
40113207
34340383
33676719
35763216
27811901
40441615
36267468
37500983
35757550
40315995
39931578
37020039
34690667
33895236
30069796
39553840
27570439
30881670
43661606
33335359
53041170
40198227
37312624
41283477
45230386
37624280
42386733
40389940
43338404
31881177
36662450
22524212
40747016
27989145
36608680
34595263
33293301
34967854
34866703
36621766
35753851
33785573
32646667
50041420
42589861
40837955
61499247
39792677
18691300
31138727
35047484
26231937
34910460
37654191
41955158
33980719
35121317
39587337
42211523
36176781
44721588
51220491
38871263
34258122
52800953
42332039
24764732
29102310
42846598
32891151
30396470
37085926
35253361
27535079
38027555
35810506
39104105
39728020
45357911
36486457
55492241
42753914
34959297
56730078
37541018
18126379
40590931
31141605
30463435
27101932
31627089
37439299
41405033
30640834
28773169
37166173
36635308
29926573
34793330
40085877
50693459
39880105
42972884
42600463
43692392
34064974
35561495
40659182
34636099
29358818
24567504
42073786
26263835
43616997
33400297
39490553
35247475
39772434
37140450
53144335
38892158
34293054
17860009
58906113
44675648
27828135
31743029
49499681
26465790
37326549
37297950
35114164
35526238
42641531
26494414
41913769
35995494
41252178
36419355
39351459
39226503
29023490
15716310
50958734
42970027
29434553
45487231
38047476
24351271
41809938
38891646
37546158
48205854
38866715
51330024
34214359
39791859
32294946
34954675
42649238
24816721
36824190
38164414
35207518
26662392
37497441
42478638
35313096
42194677
38037272
40796004
37926001
46383289
39826045
40982918
48198744
39944526
37977096
29626108
38724075
24816569
30706547
45142688
29952828
38622776
28291533
38811464
33004351
33161233
36752955
38771067
32828947
46204928
31502269
52770006
42262635
39520919
27656102
18727381
28343547
61087780
51574755
36890012
41157989
35452760
16320433
38492287
40789786
31674208
52597274
41847671
34975101
36987986
47733811
47257638
36077496
36389182
37960038
32890754
40872516
42455553
42473566
37084863
48322973
38707316
41091914
30976536
41208758
39883269
41937896
39126775
38278758
36898531
35669009
36869983
36878204
46403527
37541691
43665542
42553812
46703401
29662311
43620971
42254681
37870445
46306587
39706799
39033212
35878053
38242545
38696186
41482720
36190453
37220402
51039559
40117459
31438617
35447061
39112773
19409890
30033760
43033785
37230284
39199312
43988319
48124964
39947236
46682221
37159795
49252478
30892346
35691476
41519346
62117900
51502383
42210101
38513699
16511858
39196635
11243011
11330992
41880072
11300884
16706830
64739605
53397208
75233101
43838725
93868128
11721139
37259940
59043906
41485651
54620055
39568879
45022247
16788730
27007981
41405824
36073251
30822446
33800380
42208338
40614784
71104431
38828075
71337285
14358256
61318693
49319716
37203946
18435047
40137778
16185268
21460489
44828709
36394437
63685177
40101223
39562092
44820883
39794603
35357249
62018543
54965559
16079800
51923641
57363078
17208506
49946999
43304297
24183288
12163163
22302565
33000240
18566075
44658958
81495258
39982197
40042308
38188447
88975392
53893147
36610705
38990090
19239989
23406469
49678122
37377289
35964744
19596241
23274028
66917981
37420089
67297948
12775456
40559844
14534745
12385725
54018940
39790812
12513579
48556820
24813944
25312123
98315449
37341124
119206503
39162189
29781001
39208168
46090829
41868643
39976985
38496663
44194755
40308854
47683774
41132471
59050346
55385884
56950403
45002478
39686301
41091207
32129387
28807453
34434844
36722052
38538617
40642567
43634202
40933391
33738508
40177708
63958004
55385785
39372726
23183264
30030213
38181479
71965678
69617985
53769869
39990672
19531690
34437329
27417698
41657575
44508949
34745714
39326206
48247294
42330259
37333088
49574263
40793999
50278100
45049911
50764896
50305572
41180714
53589059
47817723
29937314
43857969
33102995
36862526
42024746
33494916
44356588
40848101
37610360
47903562
44759050
43422964
38412858
77063921
66215301
46384796
38825109
12457978
35005010
21355054
41994837
50416170
63694779
52197582
35008312
51533704
33068578
19493544
36360134
48966655
52171700
62354046
46280787
46540008
46818796
41374805
36347200
43753428
51229019
41313085
41858838
38487221
50488802
47006158
37998177
43104955
47992625
44357026
45906480
35118804
49127268
49120291
45196445
40932524
42893135
60693188
41422693
43633769
48674670
46138601
25074484
34968141
39303689
75190109
45169858
66723535
41869729
16842317
44002369
17209434
44884946
46616485
55538764
46411210
68381335
45286233
53941721
33163031
42518550
33503549
67476112
43740539
35025000
43683232
24499318
36392608
17380059
48672688
56918182
60745121
65077159
54347401
44151121
54536413
47601649
32959803
47028618
53993121
44625060
42419130
49715445
49135607
36714623
45319976
51136377
31223907
30454585
28058751
33993813
82453844
73541327
58290430
12805166
58946342
19172769
49679260
42279032
38490786
22488238
52175418
38139970
42515057
49580309
48715448
47502209
50308194
65864484
51604458
34106160
14753143
27154314
38914912
88978472
75459229
39541439
57548965
32528581
19204692
17943944
47769222
37021054
45096675
13158112
68044339
66566678
45707945
55330839
40362227
56033372
32758422
29728713
31661696
40161335
84103870
75057157
62775803
38643300
11116072
40979850
19642821
38861483
48920527
41350897
77561167
66316057
54242207
14912392
47130638
48998188
33524730
14676831
60366233
44293037
55892503
41148077
58024576
17128095
37826146
34884537
12073061
56626122
17825971
79901369
97410781
66632848
59501182
10812056
23339474
96051758
60569312
41852784
49224996
14081321
67044903
41020589
20366426
47960678
53808706
37143050
67973461
34244633
55589576
37867563
62892277
33173720
36815814
61348234
54758162
44740623
51645335
35401507
20243892
41300592
29470658
33252510
14141966
18808565
66103724
83568371
68545259
60581192
15326350
104754109
9297560
57209605
11409555
60047734
35651453
20671159
56665376
43699925
34095246
84145979
40685778
43521189
46129292
68207518
53810540
44612593
75187923
61494449
34957631
48599408
12277504
42418208
17092091
58167997
39126288
49550267
53377216
38636315
53084415
38545502
39018846
62251024
53392939
47777332
45291598
41282143
40850785
42183153
32530034
40428745
45327233
52176616
37557858
40516457
45513885
49046897
43294989
62227187
47282615
69029804
55268399
55459999
55504687
36669568
32922748
41310937
46705390
32251477
39086073
42189271
44674777
44846504
46047535
66817328
57543567
40549860
46456747
18173682
52241664
17460029
57412716
20693569
56280954
46393431
19701944
86254591
50656410
42657499
126265121
51091753
51062577
76706330
51935611
27875059
50214197
42999973
14886883
43947525
18246972
44374112
40731557
21093031
78008904
56164535
41396929
97446818
46443005
55448854
48334393
37213880
49308383
45828593
30935678
46164706
48087196
48364951
46212075
51570563
48058799
43600148
79519512
59751716
54413632
27684340
80361033
52982386
71782798
14549122
11236764
58665146
16831276
65946038
43705765
57250765
55263557
55484510
40783319
63516412
50429149
38312234
23373658
36978261
79299257
56852905
54022680
48417742
11237377
51061053
14856291
14629451
49690648
18626411
69854774
75441731
88279572
51150006
69737191
18104493
30964113
64922271
54696615
46694926
19721132
24351755
58124990
40126080
76620752
44690968
14233110
49600987
42074599
42493029
87801891
71398045
62921328
16197636
72891152
66419980
51605712
13873129
12441881
60343753
19054452
75054161
13908297
51049447
19272472
23150696
66996521
56609630
98858655
52502503
33248354
39604279
132693225
48747597
41651198
35247352
19037387
42823076
20036808
49147511
47658264
57836262
36442648
85801149
65952988
51084344
47801689
12726728
15450343
44888709
80035206
71804689
52864626
59224343
10655816
15721110
53666604
35067406
47249764
51546663
44973236
55371707
86420852
68065668
57111309
20203915
75116593
57897244
16774830
43406741
53696974
27236716
61230198
38213908
39815161
47359003
38199507
49306518
51845120
84535732
73171635
55729175
16183552
85824912
64471733
10192525
53192992
15603956
50333560
16484170
63843157
43745661
55701608
54845820
41514323
40730968
77570983
65971921
55195401
19525780
32852689
86342936
72050957
59671045
40617530
12076571
42903434
20872517
42003287
42916731
45199727
56374884
33963030
40942689
87386216
74614751
62349074
15498529
26501457
74666331
85923508
62951311
12411680
17803556
13592599
20875998
22687733
74960458
14827211
61032332
80544941
47176135
41119415
126237550
94360171
34545602
84117908
70446653
56419979
18154560
13381076
62442314
22976873
65453328
56685618
70836867
51455295
88203331
76793424
58059763
16365743
63518373
52072067
26883041
15169512
58864563
15270430
43058224
45727865
15375192
21595592
50116798
36864869
48204193
142758771
133796409
53317743
9965050
15277800
77515203
73912934
58779115
11665813
40462646
11938054
19074082
68865268
46977138
61022335
63807303
45037999
39840721
48141151
81128507
73544888
16821325
71325141
83453547
79919834
54357782
16301964
14308551
14046719
13697818
13057697
58899918
17867887
86885387
81045862
90168284
80175813
49728244
46347687
72921550
50754887
37189979
45709899
18939268
55075899
36627345
59024928
58140995
61347888
55140049
51485568
93416678
82783391
57228749
15809738
79596434
71871064
58341973
18608330
13446659
42219621
15341563
59263759
20984072
49996775
61184914
50554118
78644893
19226389
73504296
55579687
50518113
25402351
93674793
47585838
84450523
43194430
20759384
51874541
36138994
50184498
45489331
44118197
37625188
41514038
99251647
83789583
70848420
21692764
78319488
65274650
51536206
14993916
21054706
51362615
14540256
72215414
50841827
56824311
63780400
46236122
34463382
85857900
56582905
70599281
63862949
48251230
19933897
35846403
53245861
15695726
33752619
42887130
21326561
11633391
41845986
59124840
11456796
43679996
26387813
110851798
138960279
66042873
54636547
67915893
18344806
51012180
11971394
62207455
51224194
23236070
64697509
126815181
71770678
51095418
49006072
64483685
31360260
43797333
54009506
81770557
51245536
39185060
48017216
21482730
49369872
30465707
76404558
74098208
56717386
41895452
13776228
16759504
28268939
43682616
138623825
76725885
55279670
43910616
25581119
22668509
40633098
44417467
45110828
43122081
60303210
105967039
121662718
19519806
29456500
46088804
92224524
81965222
66470089
44840099
14945664
14687647
49927693
37616012
52292399
39497200
44042311
37818032
105236434
93761401
72468592
15195079
21504232
80880420
65171934
56687260
10913260
15032493
15766861
16155265
14217230
17410771
18052672
77693885
96762277
86300041
165347450
165669279
15472979
77166123
69069668
15327399
51526791
17067353
29503076
14361581
70100249
18229273
84744368
17397526
80083382
74110745
109053668
65039491
54179688
25032624
69777106
56249876
40634000
24040569
24336498
39018839
71110247
72865453
16257112
68742484
98327432
75561849
69960095
13545358
107440061
76668755
55431507
13279066
22429734
45393646
20101569
57797598
16564568
39191460
66119836
42767444
84262343
51169256
77219005
64438275
54920069
18627639
82453307
68560803
60459398
42336991
24138038
36787753
70508259
45436385
70468550
56592359
50295784
75881042
46263300
47487275
33038603
54851346
89766959
69509408
60094440
13958479
60523137
23493630
59060523
57124993
68015358
84488148
63960381
51525323
54925491
40223157
33661164
43690219
45765486
67628017
39380553
84802347
63019377
43987097
29428958
38777033
22951830
63279506
87177569
56273513
71876276
61804140
24240980
39312438
18630404
70816464
58525418
98194032
90231184
72370225
37222317
14383146
25345503
53340297
80621062
60532411
70459927
58110723
12916206
48866837
28332793
43866964
16446254
63994241
96901606
91665079
66506530
65946201
14740462
16347882
18944725
89776743
59843819
77089156
61707909
16553519
21480491
17461455
36206641
15647891
10778616
40451756
142094283
22189106
109237803
37076826
39583815
45619762
61217535
143702709
129328391
46999527
14875799
45200886
16537261
13447781
57369664
40826569
47507597
69735232
16498408
40904704
51871374
50894019
46986496
66673411
154111441
116467904
14122193
12868045
88628999
74968942
55031712
42012965
50477874
20293087
38129108
52817936
48200817
19973278
49490449
26533082
92180857
70773510
59331637
24616847
144237124
86081423
50841844
20445917
19721772
61113390
40488360
21470351
18444950
92309270
70249697
72815726
104933654
65663684
61769205
14828888
15829546
89962103
79113471
63664766
14588897
16654142
21315484
23167141
53908252
29544182
71247392
50893848
142441008
150671777
57824141
84290865
63343728
57703276
31473593
32896862
17861041
22433150
24901357
59747545
50127892
17684221
15508675
14165358
91578890
83216517
73149382
13426399
62133759
16186055
161572647
168033860
25313212
50978428
22338447
74299250
46555850
58066924
62786628
53427832
74460332
51546997
63348191
33321574
82664033
61521070
53364395
57486622
21524258
59436775
50610893
70569872
94613549
73298921
51172367
22178419
36561711
98832628
91831220
68022311
47083617
21956530
52663788
46976659
37701306
17873010
51180926
13173491
102398491
81656217
76642447
15107659
19680637
17677959
73684842
163260149
109817473
17315025
27688414
15518246
40642941
64780947
53706226
153731625
158404442
79862239
14056763
23268922
44934478
112237560
86465705
72979816
62986910
11334911
46800832
41934541
22374039
22814075
73405333
84862999
94390582
78398655
78409536
17209651
21575530
90147259
73998029
62644586
14857436
22589875
19547062
44260281
24226251
89156230
85109305
65017342
142789892
147193976
18814214
76438642
55890018
24926228
54883621
49893023
19362740
70471622
26406808
51204584
31079468
84370551
70625929
52379782
30271876
129321898
44634841
150869104
74525494
16907935
64188486
20609035
58170135
54173861
66991217
58863307
120587524
86693100
107701884
17223078
89789801
79049237
64606862
17372585
16250499
15413521
23953672
61766655
50955448
97903551
20270076
73816462
59960893
46053567
42409057
146199645
80046278
115776816
53336413
15765442
54409562
24051634
22446889
74220426
87712910
106486290
77524330
96508756
15047276
28155856
91341136
56557426
81141297
67235871
16618780
70132245
15140417
51572919
53026698
64858981
62575186
94616792
83792032
67103180
15631213
39219680
91565227
86034802
67100710
19844210
20961899
79310606
19542131
56616083
83302618
59643653
136463139
90372766
69478468
25208193
16192522
82494710
58774569
59808381
60511549
19882483
85464056
52313521
17220303
22861992
90338126
73059066
83695283
108980894
12286346
27412300
162050676
11474660
90538495
70931155
12885605
21379323
25656780
27195143
28119872
63107077
80298305
144033334
157883832
78881065
12534628
19461198
98619713
89707712
63668410
18168402
14699372
55362569
18415952
76736752
22348397
18268952
97491832
111847413
86183355
106074026
18408887
156138499
84704867
60109809
24931340
21627137
53239829
65924304
24009336
16449388
53831637
20812160
15274570
100675910
84363839
79555370
18923479
70976016
169329010
178375911
58370676
64828077
25762996
33473851
57271585
19025049
79551468
107532194
100828582
79206298
16185439
15498541
131464323
73199266
108878654
14382246
48809876
18901951
19120732
20174270
65013356
81035561
155553201
127344566
86763380
20712290
97709834
11280650
84797046
72121828
24778876
53890614
37372650
22895547
18502153
96700988
22798356
122514396
75283722
59978960
14573158
16003627
82679002
164874805
18242725
150944130
17417044
17357441
26064540
22416483
50830975
60532368
42130619
166961232
170145285
85042702
22654793
101961714
90815861
75997871
14709988
47927053
23160548
13904460
80335465
53071038
64607239
74582398
62665982
49055396
122051585
89414399
73394213
11257907
27564646
95763433
75989691
81166875
25280332
36764311
23359099
13275907
37207238
76578096
83480945
69626700
156184956
166876624
18577972
24309608
96580179
91261678
75671028
16034346
16840398
57092051
16336572
65947677
17672985
18064068
32260842
122034219
90055691
110012136
14187516
160405861
160736433
17970051
73562672
49504173
21524483
74467562
56248607
63493257
75574258
58369783
90856785
65603805
57412577
19522477
38344105
45043456
53714839
48471878
46508139
55863921
45620965
56084069
30754672
54428147
42961815
59522165
60699672
72588275
53376571
24878998
39803070
47680210
51661207
48135576
47027265
43917194
41746665
44987880
42263397
49400078
39718013
67351379
58382244
55032205
572688118
553807720
537665561
36618284
13358506
15239743
50010519
54371243
19373186
18175461
59700276
22387831
86677897
72328747
56887099
32774240
41837149
82126026
50095104
176050338
180371608
16889092
45990097
23321682
49245970
64351295
49651278
124257092
108213602
88776920
14709211
31464012
72264620
103117899
91467383
16891572
17651984
18921545
71061266
22066516
28390504
87023865
73469147
160200783
99640097
23619472
22593459
69768656
89341199
160285040
60718815
25031747
78739125
37069825
72532844
18007346
95665241
82996648
63709775
40793471
59362101
158449763
60570750
100785955
64700502
26112536
52383508
24231539
53654352
21861156
113275036
104196943
85263695
24472092
73657069
154026975
109272105
15505601
13949089
23992918
78733952
39415499
91848258
67105219
16156867
94139451
82356364
74723465
21079252
20901814
112775357
170797139
88209836
16330070
29367151
23510612
80868030
21186627
66763530
30014028
160986305
96042109
77862828
27780220
33606294
14761482
13501685
176847241
122975501
85358272
21581383
35004414
36602596
27271537
75939926
63291916
80126916
163711569
144738222
14254984
25707369
15281087
100770697
95121299
75981815
24196937
14771443
19500838
25286079
77444318
150434181
158609002
80306047
96503540
18335001
18019898
49517857
72738261
108646211
88674720
73332855
24823482
37695335
46155485
18377614
126222789
111165961
19888725
60836927
96789297
19242412
58569168
125224922
65943979
75805764
20161364
22687890
21085187
20057301
106291395
135145413
91190404
16052873
28403715
68834907
160548083
210406909
22880855
21124783
82231063
23743752
66690840
82353216
155798156
91705367
73644522
17145859
18335273
19885826
69503121
129008043
102203748
86153470
17041876
94376067
32943144
27396390
102162129
91583158
67551245
22892172
28152631
34552713
156534497
157269355
83397978
77507860
13060659
71125529
17815201
46693752
65013107
53135056
111179888
97763066
91123820
24131850
44485428
121564644
100182351
19806944
90746508
17639684
83499983
24569135
59938600
83813158
136119847
94669517
72528378
20470127
36855514
26349638
119446933
103504048
77774161
17936857
16885531
25789097
53964767
70967256
48800830
88515437
150833393
170876693
26162527
43636503
17613801
112151565
94559652
81449204
15001960
17218005
14994073
54899171
78144299
131258058
156230330
78211475
69099858
28240409
42414873
19227762
18410364
119459056
99896589
84239038
68341750
25915482
39149402
26632529
173543131
79128610
22063910
98051125
16045073
34471289
74767279
142302945
163274042
41260546
80296758
29127616
55834364
74414442
140414800
84854651
81044116
23897395
25309583
31825502
22595072
70396006
139393394
70770704
114475725
70754756
16221052
27915296
24627377
68691757
74038305
124347151
113271588
102547576
17642363
13804986
19295924
20248728
106110646
123122938
92188851
84581571
20764333
13186250
31808398
175734623
105358652
85748128
14985278
20184579
49660031
87759891
152079222
162364334
16094682
69842337
34902658
75783960
84364784
126814531
112714230
95591983
27268389
38800279
106462897
82132554
72014217
14946669
27912843
18566372
20265328
23227548
71457245
94272285
75035135
147080914
176391888
20419859
37602753
116091080
96141863
78488661
51718294
17504350
62910727
19281442
56013739
39844709
92417348
114943002
95408310
84998931
15906602
18622980
45503772
167156674
95915201
82758270
66720437
27231099
18195943
73939470
87635104
117524365
105255158
81169224
17972520
26689470
17228493
123268029
97078043
84246186
78451804
26331883
23008036
63239282
84362481
166428027
109699831
96098825
18709486
27673621
19725031
120505403
106728081
62625125
84061973
21517805
79286963
25553376
72399082
127376012
107049857
83217303
34109943
147187724
45227752
111641171
83249174
18567272
20084534
30380177
63112342
82632777
96484969
159910155
129126084
19477078
37834261
116727796
99243975
83917844
17041193
19873334
21661152
22648058
66467363
91292371
81473179
139568920
162966429
17016894
23355318
121098471
103896430
74902914
17904118
35643149
91676060
21097591
50318472
69638623
55109139
172781066
105640725
92240826
18015649
19054914
120491922
105342549
20185069
92258185
18028504
70010925
23741435
52073857
23601437
171233462
122082119
103999338
21143804
19178024
163734004
92480191
50210154
135478253
22584586
64432399
55065845
48287614
64117465
21986447
113998097
100446146
74579908
15322156
17560184
15292591
159220505
128310871
96187568
20675428
18011774
83911777
21302465
48683008
59124316
57925062
178049274
117071037
122935017
32806284
26345024
15499101
14846328
137242089
125008505
96541786
44020325
23797953
32183611
20398386
21485881
15168321
163846491
133368065
124302361
16754902
15479741
45187470
150223153
170185026
81612676
15755194
67974856
38134596
63504525
29996747
16555430
125538295
98108285
81270697
15333570
21723225
91121928
57594607
166273560
184739632
66663483
17882475
20980079
57378513
22313335
75360397
118309079
110248335
85647970
22170205
18720500
168249158
117502338
94140104
19575394
23583441
18491679
33130512
17393114
17516834
20866098
21739883
83114403
178892293
185233635
21612452
42627685
154878221
175632192
83600035
16246351
21112035
83077613
27645505
77236927
59699951
19847162
18823016
119864821
95736809
89259280
18660093
18501676
143152675
184801354
18451724
102592983
23885852
28816226
26050583
59426022
86437253
170204486
171032411
83173097
18589453
127034575
20267435
122449277
103593579
30495287
81774128
31550061
20600144
64385661
69303427
181634936
127020315
104655220
16907998
13174760
18932608
128868474
108412413
90164519
19514740
81280718
31623904
53520048
65656311
25093465
184346211
117516006
106788273
23809767
39693791
15549219
153677608
132483651
99018585
23758481
31848159
38884947
21084781
19252799
17393632
183542582
175602008
112449369
24541762
15127861
182182090
93681992
169198394
57621539
15215535
73054318
15894270
14724173
18212980
18294476
150296827
116562144
132749659
17443208
18071833
106191903
187306774
185526150
47990910
18986943
75393104
26176548
67908868
19970561
80059011
133276748
105633774
95555691
16811656
12454444
180784482
119866772
101690199
19147528
19853480
76530597
21007864
36302387
83944223
182669500
125375202
106951189
16049078
14838040
48916055
100838788
188581914
117357180
31070026
85236522
64565267
53276640
33730840
117325909
83270225
73970893
17437442
25499963
90112393
175749257
25124196
154776470
81734408
24187621
43742848
31550092
89296898
187633598
106349860
122632559
18880415
18055125
153358727
16257120
105531140
90200190
77233970
28702880
18509884
107348422
19558388
21419192
131314031
107217905
77875392
19610035
38263453
20875997
105620520
190983073
190966611
19041832
62063434
26761413
65500848
60881392
98085624
182316128
129506111
17079116
18133263
45241857
151328822
102433111
115802046
61747543
17062390
58416008
38230832
66255267
69771199
140644981
121875606
100127940
19533481
35705791
48580449
97959264
150949635
120300730
16930942
30329777
33602719
31254308
87070741
161361580
145268495
106843288
27279967
37027263
19145822
165164042
116100806
103745898
22225748
79106655
17651469
20109063
25857957
157375536
129718261
101328499
14288202
15037602
17464623
16849378
109088706
185577913
195764478
18481408
84678300
15621143
50985876
78040594
63146744
201533104
147179029
121383998
17310528
19296977
134839546
111093094
57762834
104648209
72554008
33148418
62352784
51363800
55522266
18437265
116475600
106803972
104713927
16996634
95855732
152240839
138162671
26837622
74958373
21381271
31487147
20246372
180312000
120570229
114301671
18958308
36082835
162337229
174882991
110039467
21870769
18209919
28545112
33281790
57662633
31510963
153976910
84306655
180874399
23868079
16542310
173850334
136756896
99301074
69529375
77007675
36068487
74226151
86413612
133393459
98364597
85771684
25741362
46210974
126796038
108270349
99104722
66874108
21808115
14765269
23936754
28957925
80875680
102774359
161421220
141311044
20466347
23047429
174423937
109619617
103816923
68144553
19089554
92590181
31786284
74121124
94754450
129696767
107487395
22030714
20138830
125731286
19695116
83316803
113249639
22398574
29842890
15303759
14194725
22476931
190378203
276225766
111200059
19211203
18147759
114113067
178500953
190122047
21647648
21447667
68694300
18781762
90548026
75134517
94568505
125450172
110403932
98475680
21788495
46451683
144414623
93724799
115488848
22451406
19170467
19655824
28661237
60199112
85679958
191217931
178048499
108381673
14383549
18953578
141680181
126524912
100961919
22059267
26242360
22935336
23408762
99522922
62472660
87902974
189839593
115479107
99994538
19401372
19188125
149672900
105805032
50960908
132858953
26462101
77293812
64152437
33732455
69387617
90474775
135843879
103747434
92107004
30639604
127730220
126514670
108065635
32989429
68868442
23212967
95513467
36672139
71370588
17858059
123209133
117848377
107178559
44522228
91746197
129926902
180613162
21947216
17830246
21959187
22714613
99359772
176663086
162010899
116167381
24256577
15574335
51037631
181224454
126603089
90361689
18569260
94410699
36063212
26605635
157196498
143565705
105314521
26691497
22623436
188318931
189799569
113064692
14903281
77923282
29668942
30118514
30356122
88116595
179516624
140703996
108932292
16807738
24752391
181103089
91333107
91206216
64446799
85161728
30275945
42929683
120622925
100977327
146665929
16304426
16556992
185395865
187624891
54680259
108479509
20049836
74878801
31770265
71459144
90544630
147784896
129207288
114381098
30644110
42099418
134424490
119221489
94852659
23881286
22223968
80355054
30933720
22063263
21373805
170208184
132571904
128806128
22407907
45018672
194355391
114321732
20373779
208052768
19431566
15239427
28189495
20157065
37065670
109365041
183345558
191099701
19192161
16321657
54910657
199510081
122628555
201065446
16719387
83296825
30177808
63087589
78226000
170068968
150871796
119545872
17680613
16480617
125917423
149763406
16984501
123052047
65987882
32597492
37076279
46532708
42176853
39877488
93598545
86145316
23286875
100231221
176459508
59166369
174105514
41288713
29926383
32494633
71987534
81603669
121554781
103931287
27794009
18353573
125555392
19146761
123952878
96757558
25935283
30526675
40635387
76431376
195449140
105338457
15918074
35938259
100096912
16789029
180399522
118125199
28089752
30871483
40858386
23756712
146525847
85358665
21185543
14615538
17439179
15099833
185601513
188299441
84997464
110166084
29589333
70364726
136256818
116421815
20240517
17094807
55292247
192287173
153528689
128006612
22224625
20677144
21471981
30880562
18657461
16629574
17652159
95590051
21128020
23093211
97787496
165946118
187829778
26009579
26573356
17528204
26476347
24789965
92244848
77254844
19549838
29867802
18135648
112749291
92751116
28800538
24534211
52428409
20926738
67668795
87139995
23440522
20865338
93111581
74652725
39099179
28578394
50831755
32559101
21084861
99258448
17251594
15694556
21055064
20083164
111094163
147543099
22844427
23776233
16673113
62746922
42641192
80767753
31873937
18634385
15382862
110482589
17595306
99942755
15778737
28742592
16524426
16255636
23060919
93879953
111123347
29323385
93262667
79355383
21311331
39536881
16554497
19322114
16067143
138701145
68333586
16403918
22950217
21393020
19689085
18470213
68810920
15321398
19084806
28165524
15981513
19967573
59369857
