3394284
2557727
6216119
4378340
5689901
5272767
6981831
9252218
8892976
5899087
7951853
9810682
10364997
10254664
12137413
11707738
10777569
11449743
10576543
10206148
9282404
9945945
10338533
13431368
12408012
12310283
11457125
12751605
13629091
10457387
15337308
14010796
14371295
13213072
16338863
15733089
12502461
13677434
15962281
13776064
17249881
12460446
17505112
16130874
15416770
15140514
12530545
14111059
13877623
13080177
12485105
10969999
12500946
11509042
10166684
10823514
10251098
11785594
11287283
11410586
12216123
11539559
12992284
13030477
12395136
11808971
13248996
13410455
12241126
11139417
16302814
15784056
13655451
13191240
15906010
17484219
15250651
15515373
19419769
24780883
21021786
21541741
21403614
21474401
20146636
18422027
20066286
18870070
17734047
17262389
15757836
17311084
14214883
13830160
13502932
13634159
14664058
15673897
17763111
19243943
18218041
19344392
20102176
17503006
17580938
15652320
19838277
16982407
14550498
16655543
17665719
16774032
14430671
19720591
25781178
23735302
22296035
28306441
25698873
27039589
20665939
23749740
24357478
21105920
25703099
19449375
22704136
21439579
20219221
20514853
17889057
18444276
17711376
16197915
16024631
16070350
14617533
22608742
19368510
17983090
19406301
16868249
21864932
16493840
20190749
23358304
21929020
27355109
25190750
25326005
25227819
25653513
26219767
26665159
23872267
24522229
25610670
25642532
24839059
21954294
22505388
19816678
19845606
17861993
18267388
27684889
24424723
24017020
25116575
27767959
28687555
23701079
27645091
31874391
29089197
28899782
29480863
27945852
28753509
28139308
28839336
28836430
27262807
24871175
24954246
23832580
22087797
21639616
19747426
21946409
24460648
23202024
28351514
28467464
30636722
31147563
28113486
33098067
28979595
29071654
31648926
33142513
32023243
30065913
29086656
29384622
25649450
23200382
23221580
20941252
24089533
23256454
32684305
29955791
32008834
33513677
34920422
36523484
30763354
33441966
34089136
36755210
33492552
37192060
35612111
36548645
34270534
30392579
30758776
26514757
25894713
25292868
27797811
31714280
28724265
28033968
28534904
30151668
24973212
31538802
33297747
35474118
35460541
33769361
34120326
32534750
31909987
30244356
31040338
30208105
28835469
28915796
26962562
31987607
26953720
31532921
32213004
32827763
33933761
30558738
36351730
33037382
34385515
33270381
32683396
30985186
30011869
31094859
29440795
29957199
28935113
29090215
27314920
26312409
30071727
26946336
27629501
31256992
33234018
35084185
33107801
34538281
35871509
34390247
34351033
32910860
34112313
36383517
35173346
34289171
33358493
32448465
28581887
33620272
29856109
26267790
25314795
25826731
27307680
23559719
30905228
34257447
35707817
40245248
39013567
38230718
35994727
35333831
37789207
35225889
37463815
35829385
39999488
35043840
35837435
35480987
35759975
36215033
32248758
39328125
38062174
38450514
39253942
43974251
40378300
40774436
39231612
38264104
35916852
36929099
38837514
35583298
37453096
36855488
36648483
31983461
33195353
37080150
35700939
36255447
39401618
38432318
38473836
37685776
37548287
36341609
33463567
35861673
34785383
32880414
32977628
36340476
35192427
31737671
34330233
37836437
38228582
40142199
41101151
41685240
39754801
38125766
37926577
32790987
37522186
35482796
34761596
34359292
34947071
38473004
32809167
37241469
39052619
38087241
39039078
38299956
40202581
40239526
41312719
42519873
38912901
38952943
37715694
36377671
35763400
32681521
35815055
36209923
36687389
35230757
36004418
37238752
36412519
34429730
35256576
39022280
37117576
37779000
43140084
37668903
35296431
32002070
32832402
34088598
29426909
35939099
40109748
39964111
41518279
40949129
40023078
40066098
41434342
45019029
52428351
46135667
44757700
44597946
43162397
42438239
31910360
39394336
39821003
40742824
42620863
42191223
47246822
44875420
47708340
43794676
46813041
42428575
38715681
39836793
38236417
40103906
32527205
37208627
37491024
36763997
37358519
37959646
41519095
42749479
43134306
45629591
47936009
45523114
43047058
41529648
42862923
39568832
37661207
39446449
40559230
42275208
41321108
43924227
45344466
46515631
48134346
52449968
47727990
44612523
44523286
44974740
43203018
38160343
40548617
43340553
43948191
42376305
40658344
39902718
42921689
43818420
46986012
43110194
43463969
44644936
43493186
41537205
37427167
40743403
43678308
41018212
42053219
42607584
42670938
45318470
46315970
52706725
48122446
49550518
48261354
51528711
49294699
42427206
49021188
48878802
49623919
47156645
50658669
55469556
58121613
54503162
53152614
51957451
48075473
45329380
38316150
40278286
43299793
43705660
42946419
44479388
45160214
45730011
51559931
48255321
49567202
48284184
52018230
51802081
42100469
44329111
44696159
50290413
48298033
50149270
53513302
61589413
56457940
47387964
45604122
43890677
43067684
37142647
39709268
41944985
44564826
47460278
47181689
46903123
48316288
50056689
53900043
44547971
43737935
42399562
43522147
41423040
36249383
42877288
43319060
40213406
38869078
39511564
40645203
37312570
41795431
40446265
46569684
41796122
40506890
46688813
43490981
48255060
40533665
46361548
46023780
44861909
42183992
42885436
42134462
41810689
43555131
47624389
47515850
45852348
50066245
49023275
45903910
40657778
42624503
42540165
41171482
44468380
45055555
46435060
46709672
50133388
45919450
44666235
45030852
45213100
42855652
39122259
43793320
41671269
43114612
40514457
42625517
45535823
47229883
60570114
53592726
61728857
59851433
60190874
60811749
49782434
57791848
49787532
51467970
49171456
46086218
47051571
49817402
48385353
49975029
53298364
50366111
46215447
45375874
47036570
47497624
43984507
48377835
50448357
47863915
56087738
46600710
47454838
46275050
46703854
49388709
42771281
53525403
52714160
52947727
54941029
54279363
52417724
54967269
50182200
50588567
46666346
46541829
45954556
40373550
47471293
47613497
46364789
44522275
41613355
40941414
37415133
36549183
43836931
39865694
41637791
41259339
41253189
41686222
35366887
38765060
41251125
44228989
44709423
45580695
45759904
50009381
47849010
47652607
46975330
45323256
48402671
43118538
42714431
42353397
48360537
48895922
48976255
48153384
48789484
50605518
46172474
46504916
44311327
48294596
51265856
47459310
46302141
48652371
50728015
50972811
50305164
51251160
54504257
60506067
52011726
51025868
51485842
51121172
48097743
38926908
45964822
48513680
48440256
51795803
50420757
52896147
51830249
52521470
49588271
45771529
50374092
46837471
47627094
46880455
47687439
48830853
46927653
49298980
49753466
47903459
54599643
49337117
48367500
52597569
50289037
49441156
42156737
47349889
47711843
44073213
48545830
48975090
49155909
50506472
50765524
51377840
49774171
49537651
51468483
51767179
53068238
53374345
55246356
57833355
58700683
64006443
55324702
54165860
49708606
48078678
44310105
37517913
43316731
42800658
45237223
43985837
45696442
44850432
47360057
56606284
48424528
49174826
49565406
49277587
50111652
39688946
46568624
45651583
44474004
45980955
48257645
49417296
49925617
56551416
53105109
53534188
50833265
51281235
49900189
43800769
47391892
45980587
44107187
42332171
42892509
41627345
42313973
48198342
43701388
46813229
47152205
48674925
50050691
44542776
50191742
47589446
47915073
48904910
48802425
47663332
57323701
53026772
55684786
55038164
55808106
57883617
48123925
52636131
49687051
49749663
47855776
48761288
49118635
52169388
51156019
50547352
49325150
47121181
47826986
42689208
44441158
44121012
47131646
45942939
43815920
47676397
49649531
49677131
48453246
50768795
52357085
50931492
47703315
47530215
46820610
48257075
52395022
51913508
54692242
63969217
60466144
56928568
52571307
53198008
53844492
45419304
47982588
50368657
53473360
56687516
54298568
62802683
58922942
55628157
53009756
50170172
51749588
45245970
48416610
50965958
53008662
54421583
52316935
51159223
57959859
53147493
53803632
51330515
51991404
51394012
48088500
52283938
49879462
52416746
52601906
54987611
62645048
57308793
59238204
57582721
58881984
58277517
47333815
53788737
51379614
50352199
51108380
50339410
62541045
58384562
58519328
62666299
62177274
61280829
49799655
55546671
55628102
51478704
49587971
50638198
59436541
49789843
48519026
48763060
50173148
50593055
42269055
50775867
52062834
54526706
50712162
49563337
49698834
47983376
49293453
48445858
48659057
49212560
48734072
48585428
45532049
43593960
46535226
45825576
43378415
43931108
45688689
52134671
46444640
43566882
46574524
45206408
45829667
40435470
44251971
45874802
44214199
45036082
44593803
42893287
44340072
44801483
48682789
48985879
48166767
48554166
45784716
49397539
48944544
47823146
46560723
47902927
48143904
46671031
43405655
50476686
46013165
43704836
44859948
43735560
43125459
35484948
46660652
47164366
47709164
48763868
50629125
51306106
50158388
53226499
50909581
49725670
51140295
48652640
48503542
46349681
51081290
49535751
48960777
50703620
49850933
49054872
52079813
51240284
53153588
51982333
50885734
52070805
46420540
49082055
46731822
48931008
52830426
53790908
62084475
58367202
58611536
56877449
54910492
53463602
48066590
50833698
52170279
54808072
54773021
54434186
51938426
51713137
50420989
50780557
50514795
52485222
53265676
56508400
56440336
56613401
57506368
54070332
62467825
54631291
61512501
66763257
73662945
76651613
68605012
73964035
69640981
63392631
61896590
61016155
60599638
63375691
61096183
61632557
55745687
56939861
56269316
54788384
56536910
62944414
57742451
55336317
57246180
57788419
59279681
50550138
58419242
59687614
60472585
58191031
56819136
60005545
60130088
59048715
57268803
61537787
59306187
56797204
56580519
56174476
56331049
52376081
58083280
58146745
56688495
58828016
58355333
57821446
52969764
57199100
55828813
53170903
54767340
54458711
56595191
51228884
51944696
54771963
53085926
53957566
53927302
55972666
57862743
56885041
60138470
65316134
63291106
64713607
63748024
64229144
62679181
57845453
60330295
60204725
64223576
71946419
64628749
65540891
63143167
60378337
55124374
46148767
51237576
49898455
50253706
53251833
53719245
66630256
59385467
60012797
58733392
56626658
56805866
48309190
56811421
56874190
57868663
60241442
71473699
60979200
60915835
64645200
67743645
66476889
59715949
65649163
68920424
67458363
70787467
66491329
65177247
65586529
64645976
64323749
56939488
61941910
58759058
64120213
72306188
61852994
61732340
60721910
62477300
56590359
46411805
55899048
54629156
52748328
52139859
51793879
53438205
55549887
52788130
52995828
50345765
51683910
48102946
43667088
50045732
49918859
54348200
53052674
54679054
55583244
53621968
53797154
49637501
49476293
48202828
47814316
46297642
46926049
46914225
48056437
47628473
50190223
52553447
57030655
53672647
51692751
52308311
49497043
48808802
44264572
48902414
52088544
53482916
52704298
53350575
53664577
55566017
53537496
50794457
51072725
50150772
53354063
49845764
50070354
54075014
56074325
58665902
54176310
59374379
57506102
55563574
55866165
53276604
55354678
51015379
56028285
55631617
54341736
54347448
54465988
56120112
51951412
50535721
50512469
50896362
52330859
52769973
53986570
56696686
56282000
58286112
53785500
53232235
52487043
50868723
50791248
48686011
50621872
53044353
55569631
56574066
60841531
60648546
68181921
62994420
60925544
59431696
57984335
59557822
51167186
52487317
52297702
54015729
53669207
53692375
59207669
56270277
57962158
55673622
54155458
55523321
50250462
54326400
51896317
52958196
52517224
52121561
59271140
52580367
53005951
52513350
52342934
52291910
46850196
54426917
57451536
57369821
60508788
58436488
65890491
57030896
58208383
62497014
61855624
62805626
55203339
64760019
63252078
58666408
59940869
65862489
64784035
63994690
65685156
64948642
62756652
54908470
58189625
56705242
54763665
60224211
62391614
61124953
58544281
57575141
58670862
57092312
56265236
60378025
59085304
61989404
61751667
63262184
61287757
58542803
60142727
58733141
58294367
53637367
54320440
55405885
53849354
52256187
51219262
56887562
54766199
55346291
55492001
57015183
57589376
54536191
58453046
57277374
58779475
60128815
65425698
58486192
56480300
59168549
57584873
58301626
48770348
56253518
55426616
54330211
54078679
52423937
58859794
56714983
57205265
55843717
58493036
58981191
57599545
58529582
57274762
57583677
59672052
61953183
56569104
55555171
59384634
59866790
61012902
55712066
59325530
61315652
59161705
60612992
62141321
58391183
56550786
53766937
52992591
51271353
43912340
49743976
55935647
58696195
55502597
55043356
65683331
58047508
55199664
55293039
57923477
59658470
51974076
62422494
59983086
59854486
59760408
58154935
57967671
55288748
56777176
55701407
56431391
56000572
53578050
55175504
53347300
53908627
55252176
66449612
61262632
60227565
64942986
63198293
62910768
51444608
58120961
56875312
55445473
59559155
65608177
60448044
58520068
60402354
58057209
59869109
53555782
59749620
62686382
62952606
64383128
66752477
60929872
60010244
57176582
57519702
56137685
51902745
56810118
60516551
62038815
63006637
71224440
64196109
66183322
63675863
65782317
65961830
60683387
68312019
67412044
69386471
70925801
65915727
63115077
60993910
61050006
60166261
56235399
57771116
58321990
58642673
58473264
63586219
57588663
56379057
55469236
55499392
52196849
47074128
52589480
55192590
57994943
58849567
63635292
66068271
68504577
69472465
68629861
65282588
63017246
59298011
59079168
58917505
59020226
66115162
60404836
59447623
57945608
55307500
54535272
51475436
60061450
62154978
61346716
63675369
70319383
65107765
63493534
64378700
64840004
64564065
55859519
59112750
57312683
56807880
58947725
67099755
62492922
63300351
65501742
63001348
61116276
50544242
56528217
53994986
52003146
54194645
54609298
57846442
55987853
58195069
59720605
55772279
55330465
55122355
55728140
53776118
53935325
58066905
63800290
56694744
59989296
62296469
62906334
61369449
56360922
61421529
60895614
61108011
62831884
64064288
62289146
62039472
61522208
61604865
56732734
57181275
58353973
60397737
59294164
57461163
62432615
60360785
60042476
58855511
58250388
57893784
53271729
56176964
57465958
58513128
61276773
68005089
66651973
66128179
64695630
62849255
64033038
57128791
60722038
59219531
59875418
61686658
62134814
62575620
62859611
64757236
66273562
66019737
62509668
63912445
67937342
64205494
70331225
61005189
60629737
63123165
60014603
61823921
56027938
67952426
69447681
64500665
64577286
64223130
62436569
64891935
64705818
64886921
62477520
62365954
61148901
55900055
55637114
66045867
59313790
59658537
63707554
65504890
68675097
58483335
68753072
70835528
68467129
74702888
63613396
65692394
61251918
60509204
61480777
54728110
64632397
60872312
64878759
61512521
66656283
59429702
57564441
58544720
55303813
58861892
51082458
55448434
57491874
59007722
58687902
56085564
57338786
60074379
57701234
58329300
57850632
59333785
60760709
59936597
61712933
61552825
72698802
63458178
62581935
61743728
60160004
61183234
51391531
60123166
59667080
59886660
59032168
58115648
61258541
62475252
69403604
66786720
68544606
67692188
64425581
62706694
58421938
60608400
63486527
62248849
62282300
62926441
63231366
63697154
59700913
60679227
61818381
61696941
70081638
64515836
62948971
63418223
63423309
69425599
58338137
64325279
68968640
69858709
67934538
62425431
61710752
61095891
61882367
65230287
68080797
70169785
70535699
70778363
75668295
67600174
68011712
66681573
68744702
70382525
65982870
71981540
70286706
69169954
71871132
65669097
63659955
61679676
63123023
64095933
62633022
70094981
68099620
68470982
74436024
70132578
66742545
64191760
66679543
72254698
64048405
68917290
69499598
71322604
71880349
65819505
67430797
66348376
66143084
68484142
64100754
71977630
70101020
84115494
75806465
74298315
76993824
74799433
75162006
61526121
70391184
69466479
70926476
74560700
69635693
66983123
68504037
69005617
70483274
62398899
70236030
73156924
73574175
78748871
66343619
66125115
65721599
66776772
63183821
54696695
68453039
65013789
65602054
71452756
68197417
71233482
63656552
69293280
65374888
58315451
65789519
66148078
70796154
73098165
72285511
71595196
68721162
69825913
68965038
61364572
65580873
66054312
66530266
68940727
63521356
64795711
65142705
65461649
64301071
59122963
63304590
63593972
62851376
71858986
63689690
65942703
63435128
66317865
65962424
56726194
65692355
66033759
69306167
82890382
71737781
68844588
71240649
67900518
68378087
50798097
60753302
63555697
63085052
64882899
68699720
68857351
71368076
71191430
71187617
70098101
67737415
69542147
69001584
67426503
70480185
64578088
63660026
63427731
62146234
64810356
59228206
64334991
64041285
64190324
75273284
64725374
66436865
67954737
67683147
68841916
60479331
68158156
67497888
69711480
77451753
68671605
67230682
70635578
70243968
67591126
58324097
68147463
66838993
67535956
74318117
68319025
67643989
64888227
66813982
68805619
62598623
68828839
71787197
71555200
82088515
71679503
71648106
70544679
72629083
73799124
62428042
68823395
71914064
70357484
68322158
68455717
67126152
69908100
65603616
70377733
66145714
66338550
70834193
80936261
71548491
66566315
68482911
72018460
69015364
58252138
69887909
74610397
74799409
79273784
71509693
68339644
68337388
64635420
65199704
58322129
63554117
67641937
66993054
83212034
73922124
72045880
75502389
77022001
80485596
68667784
79122218
79681505
89473177
79321980
75373673
71566946
69855199
71997041
62949959
69606581
72709231
78615713
89641640
75639882
76072521
78978856
77920630
62001068
75093265
77142758
74621253
81670884
70098494
70413301
73317063
73870788
71594450
68270760
74948202
78154953
86746047
75583346
77520618
72694626
78728631
72844891
61958549
74735314
77198318
90735082
77813174
77638621
77177443
72396228
72126302
59214134
71895946
75654182
74716083
83925669
75655184
76739141
72811658
68285113
69618626
63268727
71893993
66558349
83783439
76290743
72960944
70784732
70295070
77337362
56173083
70986775
69393653
72694090
85361514
68920162
79042100
72597939
74972479
73250928
59214936
72323644
71429341
73048594
92843063
81703222
78584359
74786359
71282118
73590471
57653054
71706608
76309876
79146076
81303403
79667752
75374620
74497722
75409456
73456269
71369637
70260259
73708613
88954217
75592422
70083316
71190306
70701111
70661298
55262125
64017821
70587094
68018456
97072629
84098318
71032134
72546526
73343169
78028145
54844493
64567695
79214841
79619422
93403936
81989792
72370378
72650119
70977374
73696704
58882731
67504120
76552914
76593685
89184679
75566982
71934795
70977423
67373048
67329849
60192874
69030529
71799641
72878952
93801832
84107659
74108277
77788841
80738393
82273815
63401802
78695520
83728743
98437217
87196195
82968742
84089295
82716212
82957241
68011679
76849932
80832585
96909297
81882842
79368475
78440651
79490783
76635372
60033191
71655744
74152014
74540950
90243969
79941748
72647764
72672184
72624094
73514256
58275608
70696263
75937650
78467535
84926142
77791999
79870126
78781713
76424913
73647845
67590971
76741719
71989250
82089686
75037671
73656663
72357161
67667116
72452475
60994913
72624083
72630563
75382974
90316876
77671366
75528489
75396729
79160164
80162994
63786797
72275097
79406778
93739601
82645911
79603513
80109218
83767799
78860516
64693430
77168398
75083279
99354513
85351390
75656973
75447699
73953062
75414800
51588351
63329699
76421886
71794906
69426562
90464265
80071321
72105604
69475683
74756072
75728322
52815161
66111601
72913109
74469093
70283427
79314657
74745481
71860370
74352476
74001803
79802640
67013370
74976117
77064823
96814022
84691898
74419361
80281269
78335318
78733171
56684171
67375457
75491333
77969628
86899125
77363763
79270205
83074646
82009074
75236399
65857102
76485898
75543341
90888064
79969562
78314574
80200022
79221351
80236435
64817614
75416628
78389381
101749627
88722505
85581060
74937968
74268203
79017167
53242958
65062416
68195903
76146355
109101021
94571307
83580241
82046640
84004849
83406803
54717749
66734313
83959408
82890935
99095327
87979335
77099772
75923516
78375296
78662494
64165404
72386264
78709271
80237107
89892569
81793919
74457908
75876901
76180752
76780397
59870150
67710897
72817800
74472285
95261352
82727613
75285753
82090085
81511574
85009909
65704495
77266890
85954636
105197399
92177954
78431073
76955074
79827559
77395741
52907324
66948199
76117116
79613742
91557958
80396693
82176630
83705055
85049240
83193736
69560863
87305726
85863062
100640081
89973606
89914139
90796424
86987442
87845134
72597599
85332803
84473824
103581173
90424666
82321500
79097815
81575744
82081189
58074987
72564203
82732944
116172160
87505127
100697551
87252462
84294114
85136751
55726179
69299034
84919980
86915408
115529063
99987637
89915883
93636491
92930430
93357031
66338421
78873889
84155342
92644538
82210275
83346158
80932595
84547789
85632304
71991378
82767848
111050162
99291469
83299538
86512753
84644239
87484011
56495645
71919647
85836185
107944794
97053070
87094203
86256129
84965704
85809663
64997303
76187647
82416369
111391029
97339128
85967698
81000238
87133352
87905483
58922055
78484967
89091805
107792948
90007999
90694070
92174779
83430706
86174984
70117238
84836808
82684487
116612937
105920071
89063117
91081632
92234359
93060383
61842932
78308472
92965252
125429960
109455117
95006837
86979895
80553538
80290553
44699115
63570101
78098759
85833958
122525303
108654195
98557171
95214613
97393200
92664352
62802903
75559470
86955904
144119669
129475762
119931287
102520352
90293854
94264282
34603607
45101037
63458008
79109831
92266985
116493001
103869134
93797795
85178301
81247088
79841627
52590848
67978139
79720430
84775490
113789581
101436295
87245438
87218406
89233471
83828713
58995273
74685064
87721419
122380222
106590631
97210096
88096214
89446960
90559678
51503255
66184491
78639300
85506125
116006498
102147375
90800787
89620032
94555682
93311179
60304194
75907158
90491524
128071137
112786420
100437294
92978159
87932159
85703806
53058651
63740887
78204447
87043266
123712340
113609798
94965103
93529783
95455743
101930667
63091309
72637744
86362757
130894324
114772185
92418020
83035686
87461835
89359658
45547625
58567883
75473309
88648094
123628428
107900421
95951729
86342173
84536870
85856022
47891022
61161506
77728383
88875794
94442072
108358828
123171434
94040532
94357319
91554696
54927402
69992600
85811594
131000161
103541873
116477512
93026841
96608977
92011712
49201746
60092213
78747593
91867725
122930682
114182017
98859612
98670636
95650738
95949063
62477919
75731474
91579506
133246468
118576584
102971081
91947671
92874041
91201436
53545315
67671704
79938542
91043745
114028689
101123319
86368731
88625175
88171244
86691296
61834533
73204921
87320205
127245305
116638985
102236571
87706667
95957656
91606633
47813706
62206968
83139753
98304257
105792831
96960698
100700031
99488904
93366104
94381495
81366009
95268557
128307016
116279904
101531928
88465899
87581498
84332452
49739914
67739345
81397261
139684958
125449159
112763152
99342015
91542062
96597784
49624803
68056602
81410278
93835377
146030302
127899079
113152378
94856910
98014175
95948096
45338487
58983687
73894856
90576392
144797645
135308074
107179083
122540642
98173712
98945233
41857254
54291459
71675522
82654488
133867128
116082188
102114313
95044824
91987229
91534128
51712125
67304370
82899569
87908429
114467361
102867834
95605496
96553633
96663896
97560524
71941657
90840147
121771165
105182159
94160709
91497955
95397044
90913063
63481928
82252394
91595319
117484959
98248909
92983702
97281010
94985828
96883801
74500370
87746871
90032222
113948859
98368433
89013737
89622615
90739163
88541222
67304989
81018605
91904318
136653844
122738522
112924076
94654198
96644418
95157698
46028413
59350665
75570336
86041835
137338549
121394107
109939500
96691796
86698641
90045551
40222702
55890485
72185389
82268574
91894940
129599296
113706460
98059697
92223215
98455906
101122843
62605888
74405347
90524972
133868846
102301645
121188183
99183552
98295097
99516243
62615757
75684162
88555658
136138961
124406351
106967272
95548327
94771026
96474595
50827099
63472111
78828727
86107684
132547861
117930016
105586121
93384800
90540426
94752802
46239253
65415971
80708034
139519060
129139487
112013766
101284650
100612023
105315594
63973323
75765531
89742518
123130619
108588375
95928585
90733330
91159959
89941965
66357385
75633888
86328889
130962025
91679753
119608322
107048378
93274865
91572508
45542776
60889087
72840691
92900467
125411091
112823377
142420856
98327330
104029015
101158173
50404047
65889561
85222112
164818665
146978168
132438275
119399679
103959662
91288948
18926024
35160035
53130989
69812188
83373688
147888306
138140080
121819011
103815323
89718436
95515570
36341521
52204647
68311674
81517305
92382932
134457535
122466536
105436209
91601720
88740413
89387883
43459315
60265492
70456299
84911345
154289966
141745975
126166799
109378345
96873704
93803545
24811576
44968751
52783498
69058727
85583419
147875447
138068239
116229063
108245547
94927610
98625236
36345618
45900237
59036476
74320908
89152565
137421178
129517705
116979880
104152138
97883124
99147070
45404873
57447766
72923486
90223321
162876422
145000142
130372013
117517982
102146429
100118214
38167830
49982557
63755117
79771495
95310580
151522472
131950256
119339544
105972218
98424834
97922573
44067199
60255815
75406129
92142596
147409334
133900966
116342963
100319541
93227394
90262047
40434429
59044462
70850542
85785408
158693279
148158499
134430431
113381200
101351240
92421032
24815008
34593468
52420251
66368284
79774974
155437573
110453378
96285019
128793895
144385462
95222867
31293146
44969561
61106360
76050399
89070930
149076956
118841124
103413370
136175918
98194902
100124734
45082247
60316087
73297226
85756615
147617701
131453864
116178284
99312250
91223210
94340083
38596446
57319619
81306553
165721477
160188061
143812058
131054630
112917272
102958356
36107097
53308033
71261311
88345558
163219540
149172966
131440052
114342123
100356519
101656018
43158285
60797206
72806155
89713095
161992898
141821751
124290506
106650931
107072056
110393465
51066473
67935201
85851455
167817261
156580556
136370521
119386662
108743491
105453346
39585231
53864240
70293519
89446993
164126206
149567728
133449112
117950942
113846043
113726386
48799949
65358239
79803121
100033736
158116066
140844560
124839993
108172603
108770337
106383176
49789635
65892583
89547349
171277363
139619450
157945223
107809786
125805750
106507368
36809585
52856919
69237004
86686769
166354602
145471108
133897451
116307618
110586601
109572039
46304063
59429711
76932586
94780937
110650008
104031896
107911890
111003829
112809165
117649639
147310868
138075965
118016019
117709323
116751275
110245706
70233115
87558282
150355519
134019671
116092877
109212026
117643097
116184880
70306221
84966453
150140507
141688183
117050513
110964115
108500184
112089772
63016676
81919237
95377306
146498027
131874614
111504081
110469326
110608716
114154864
73205139
94256161
171344522
157203283
136430633
119261164
110432150
109208908
55286837
66844422
88295980
161486459
109640887
133077198
153091381
109392261
109032356
57204186
75267659
92431632
167760391
153483007
132399007
107986512
114931231
116970771
60950631
79922546
94070615
158499349
133471632
114737576
103190305
99160231
103500428
59642206
76966228
93327256
150804079
136187115
117735740
100598452
104298208
106285436
63145836
85687184
161896841
159275377
120174489
139483887
120397527
116471637
61214219
78609955
90796878
163293339
144878933
125856723
105629253
104995177
114863743
55095164
77182578
96813370
157068469
139672293
119527362
115457293
106756693
109937647
63967061
86829187
171846168
161154551
147652529
124836053
113333494
109598415
44579035
60742336
80222818
96386846
147896804
130339313
110834302
110285561
114508807
120485981
80276570
93532177
156471980
141901747
118321090
110886549
117752465
119071605
76686746
92381107
171472408
156816157
134611319
118378795
106365472
110633018
50141343
65933794
84071323
164938646
156243888
135122871
116477877
100643321
103384959
41421669
56714039
74484302
98509521
178663355
157349480
138408466
122825801
106823992
105234546
40815823
60696624
78965695
95882331
151181025
128758800
114486648
111981085
111815496
117773876
77663767
95760138
173475285
156712698
138784501
115949617
113955393
124930695
60382110
75632761
92834029
158669098
143815467
114646893
108139099
119120139
118797939
67739818
85033589
157633460
149593057
122741332
105884280
112751101
114354130
58370692
79513325
97819362
179512312
157860452
138841809
122221396
108614908
115396336
46301688
72274210
86767186
158567042
151005129
125915240
116711773
106122396
111530328
58580745
78676294
161940179
158871198
143465832
123567331
114343095
110634068
49529081
63366368
78849403
93004282
160413450
143973831
121809166
107452786
112315868
112092033
53213203
75361368
91201955
169701473
149738205
135815820
119689700
117969602
122623620
65064619
80989104
155477302
154352928
136283466
122515899
119374572
119581103
62102588
80527997
158125963
151804731
134002036
117428481
109982917
110856031
53406678
70129536
89573932
174713711
165165023
144965350
122445783
109185612
107065061
45982283
59950113
80733036
96544700
165869687
149476555
125629594
122230192
120358462
122856573
74470723
94327088
155086792
146877134
128405852
121450949
117581734
117125206
75663254
88680155
167843263
156825734
135890823
115631507
118638109
117870977
64671225
82736527
97331934
165209409
143042779
128332592
106584122
111318083
115314057
64691833
81964909
97722315
167928202
145732611
127159715
117815633
118839115
120980723
60807101
84771383
97453558
153687565
135429863
117627306
115141826
110146075
118722850
72936395
158805717
158615011
146624034
126778197
118528949
118757266
50053588
65433138
86836038
159585602
146871499
127873867
123152916
127989725
128037205
72230696
99435749
166831681
154838753
134417799
112776046
111132727
102270708
53548358
67908782
87164417
167549759
152217743
133578670
114871280
110948616
111964738
54803101
75994143
97442714
157853329
149433807
129098678
124974190
125312282
117930489
79388803
92435230
161206841
142273861
121307819
124223790
119799635
122931805
73880837
92513062
168029753
151488192
134461259
118755799
118886334
120967750
58438131
84846184
155246958
153303530
133894489
124840105
134413859
127103624
72345114
87164761
169556759
158721264
135001663
116627117
107857026
108757264
40792791
61339882
80234274
165112600
140629729
126882704
160865507
118464797
120241675
55720191
73867404
91440776
176249926
167088026
146702207
125986390
115152134
112809346
44466523
68307410
87875826
175752823
168624452
154250614
134282082
115331573
115264842
45043241
64373663
85419588
168540731
162330758
142288209
125002819
119585746
116649219
54352727
74471089
94742821
168544606
155688838
137534289
123344833
120802934
119873992
66214515
85607025
162555524
155795117
138199845
121367235
121780036
123342187
67874765
88661095
165757947
163263668
142723515
129675795
125185736
126227809
70391585
89226457
173076569
163729154
152436164
130813330
117014711
118780686
58839672
77620341
93077508
163913447
156117737
135513081
113958682
118263358
118966702
67000903
87656180
163208075
160941277
138586745
127565508
118534100
120602496
68167647
86959697
169808040
158818168
149573807
126922083
108720076
112129421
46301924
63417642
82115089
172560236
167935452
145772022
128050199
121797174
120498810
48509971
64692435
82455869
176387173
165292270
147787989
129246328
120038708
125186197
51088794
71297764
93963865
169871241
162679951
139655847
123306505
125507285
119944287
65337119
82512745
96518482
163795634
141381894
124273148
105077096
111295225
126118784
67757206
90671874
170101554
168073843
144601490
121935301
137015412
125781419
64389353
85458013
191496020
185334539
157745562
146068026
128941964
127270921
43430334
77976024
92838061
180035835
179314095
159871840
137691729
116511429
120190161
50838841
75843131
182154443
182601934
169239049
150698993
133394319
131299982
43507933
68767438
87943728
187925791
187391549
164305854
145747545
122092159
129483092
46759179
68069744
85541553
194408876
192371218
165838683
148616762
127383477
127738564
36366257
62908919
81959987
192615334
195037931
177333833
160041495
133549454
128043175
41781384
57633948
82778749
185100852
185818623
171662120
147240437
141195093
136511901
55613358
83705232
192854282
196114186
184081921
163302374
141884637
127789456
39816654
56612562
75911233
186428870
186422671
172413661
151236797
131177200
132338899
40391734
63255211
85134978
190540850
190599624
169881190
151284168
128352780
120729001
35758419
58505544
80872360
191854887
192278067
177916279
157506504
134693313
127778694
39658875
62418122
80816520
172501392
172565786
157075779
135954854
141578826
142635516
66801481
97978320
194123791
164194621
128780966
145096072
196527231
110376137
34855266
55387804
75945899
95130838
181402153
171926672
151204253
129711031
131219845
134243300
66012037
88801315
190894201
192648383
170877467
148306620
138131279
134967109
54824637
70662166
85123955
182742395
172184447
152520683
130696607
117729259
124105416
55070277
67224999
88652483
192725078
190000580
169105983
140628185
135481293
135778122
47348457
60874724
83303508
182224476
175202288
153471446
137859253
142712498
146078473
77712928
88730945
198167733
198702057
178382075
152567022
122009766
115553343
32214716
52475148
71127756
93433898
197326182
193352415
167269293
146455508
127862752
118381043
36864253
58949592
87167714
187377909
187324810
174491501
152116192
131253953
127289343
55235280
76446175
97893120
193570170
191643828
167345560
139164729
120661530
121709696
44116908
65933186
86296239
198275695
195575672
173110474
155024584
133191484
129169252
35055295
58320239
76042393
97987365
194286469
178038390
160155252
136874295
128040458
126599731
52599502
69852757
92040286
200929508
193236932
172745479
150260666
138492259
137897761
51285312
73205536
95159902
187210516
181808297
160217082
137937204
124062948
127549003
56605144
73827824
99869299
192816977
183720748
158271505
137184538
120607982
117385351
54784529
74937560
92749889
205320277
207443678
185244474
155011132
134926971
134343993
43109795
71886793
85368451
198510944
198275117
181086357
164775696
138876011
141816679
46380712
70878098
91919826
197399206
192166110
175122099
157169380
132633227
121351878
40258740
61660770
79996027
199221186
199272797
160445904
190467864
139046008
135912157
36283404
57925678
82451735
201198660
201057733
185857123
166275254
144584916
123283503
26442087
49649148
76425028
95299911
182047692
178687852
156755427
147556185
141176726
138089532
71267916
93842643
205815940
191697694
171298441
155498562
137035640
142124300
47494461
77701851
95515925
214708950
215688797
187968566
170666024
140577174
141380841
48344235
74775063
93963855
199163893
199360879
181358499
155251722
135874619
141977441
54971959
76158265
97374932
187886063
178483536
153604418
139372120
137798617
136884077
70097042
89460023
212304972
209103470
189466701
168589479
144873864
137897261
39036677
55801644
77860330
190013771
191026150
178436856
153898834
136477391
134873358
45380511
67517488
93218525
206836501
206824598
187544488
145432333
173054135
135232865
47924443
68068438
90439043
191145113
187030807
175950137
149836696
135008458
136020304
47389453
66723544
90422829
213666041
208531502
183726394
167782980
148673747
137145785
37596948
58903514
80516247
202239956
203496143
191517393
167699751
146153238
148105206
49872396
74297806
97325651
192642937
195185782
171606025
148093366
141247511
143433929
70004212
92328994
212818618
212810553
193707902
168267375
146189753
137333939
34801197
61805460
85081554
219043129
207238565
138555576
223613602
189362901
162371087
24198129
28850041
61916367
80409730
199663513
199798441
199776446
151471070
148312496
150479226
49851867
75590938
214209250
204298432
214781464
183575212
166107323
140395877
22172388
45410190
118384123
163162601
165085208
163655252
150323573
20832290
20587264
70860268
260626118
223767742
223357742
223907213
153964485
176490716
141624923
38330910
60372564
86043329
187891945
186493263
174813464
152646370
157055064
155100534
78823659
93480584
218702440
217366671
190797306
166896060
141354765
157120082
54114735
79925916
208740248
210688378
210533490
179751029
157534160
137012453
34559438
51986256
66663237
90245377
208489470
203136146
176968608
157627300
143110137
140053740
49235773
71888089
102045628
201289828
202104075
181584732
154170743
145993155
135394357
60638823
85476427
193468360
194952698
180431878
160699127
155122110
151122390
65269037
89838855
211422151
212396724
171404843
193607858
153177850
147468168
45151068
72507557
97345867
209676064
206241631
185893903
166584561
144317626
141793135
52343608
77364742
221991561
223330835
217595906
195400694
172264267
148545252
28200797
21153694
76664933
97473405
203722766
203708873
202338351
156923657
136217234
143635511
59792461
81229601
208466530
208524033
200585458
172002437
149564365
134130376
36642048
53309368
77584987
217161362
217259639
211240279
181492536
164744621
150549758
41495700
61939311
84863435
209253685
202424511
172049528
151744197
216186439
151946659
42699447
64845207
94764670
202770020
200018433
179797589
164647264
142111127
138213799
56788814
74415865
228260814
226163411
199953233
173190989
155745549
232824694
23940318
33775898
78883956
207223874
209324924
208888014
206139865
153312738
139802572
36869909
58882558
85672837
212062079
212048974
203312374
177888378
154664837
142815448
38702931
62355137
84370568
207072089
206605517
191630244
169298347
145579829
138250820
36968989
65617923
88261424
225067881
225958928
212067317
190749535
162125374
139740686
29950481
53715971
19121904
222451064
222298821
222266698
222008090
194988837
151211847
19143682
25591537
23446848
94435285
210235359
210255025
210515475
211477763
157681195
150814161
52567994
71215713
95295646
213432816
199107897
179601533
162041274
143685269
63386961
23464712
22884072
137112206
258623435
262014428
263037737
381756449
153942477
141873345
45169905
63344766
89367105
225548718
225475828
210963504
185446563
164718383
145059985
28125861
50272124
72817884
92599823
230650948
223388459
203796459
181933531
159407092
150795082
34171992
60319363
89410844
202391557
202362567
190940877
169511856
152308990
149130131
59994518
85187503
205855802
206148482
197257459
171347938
147200390
140022965
40611301
67775739
89410374
222031639
222037820
204055528
182830327
155402602
158712917
51094806
76056867
227894319
228225709
228193871
203064500
178025042
153010014
19173153
27502768
81908007
96389936
217334387
219475949
219625279
174205205
138652667
151282160
61530287
83980352
223300695
225768270
142594107
227786981
200556024
169277276
25299413
24878690
26583104
230681353
229375569
229152395
229329046
231486743
157485689
23012798
32854740
77877782
231615661
233722575
237929568
238321285
183497668
161646173
21549723
22558669
68817126
90903221
220974405
221114768
220919208
184589596
159469176
163897995
50028899
74076424
99613393
232306425
230562133
199782668
183092824
158715760
152280826
26875528
77141548
231050305
231209317
231259388
231372900
185351185
156944192
25781919
47946276
74543328
234979916
234982470
232497522
210095876
187818814
164128769
32156228
57586027
82881411
238849726
238873435
235975371
207500815
182246624
170019530
39167816
59891649
91213141
240382448
240139742
227278045
202450958
181692243
150463026
169627164
27262079
221214527
241181685
387619349
388086190
388331859
192402137
168135961
157542224
30414548
53305210
79363144
242273612
242504420
233281075
213555406
190581010
164555347
24658606
26424172
75939426
96184301
232976719
233088097
233296097
184295225
162451324
166801643
51363719
82177569
217256035
216569663
213364349
188447369
166916638
148532325
35021644
61242510
86896039
226157819
226528100
192353757
166173727
214088886
150273848
32629702
57678378
83985492
228680445
228610832
219100372
197846344
172421305
160799692
39803627
66840601
93676438
227097218
227269785
212714528
188948867
161964749
135174904
70707652
30753427
119976086
292530400
294231935
294221942
293907979
193795657
174406319
24574901
26013682
75937046
92013938
111361096
221499795
221627903
221824417
173990291
23015986
148211473
299035191
153255885
152805195
153266040
153593409
20619900
29274200
82515639
214631485
214738269
214830259
214916780
164361538
133390037
104129695
134234410
160774777
141795206
302826356
303113533
200314936
174481119
334855923
23889203
89362005
231936751
231558914
231431115
227297127
144444922
182324687
29430498
141340520
178243819
177799941
178965076
181005998
184296801
48450544
59832194
85921604
235887458
233988182
224949897
196230049
176912470
158834045
31292688
55746209
84620486
241735528
241889475
233938074
211514028
186971820
158096462
20778075
28474235
83009132
241487558
241820784
241822291
241824391
193505416
168286893
34139880
61270384
92016454
240775868
241100266
232291434
207907501
180402269
149676514
67644574
26458044
119282030
284307749
284718357
284897675
285072993
191907824
173302731
34361068
64795886
91634739
132959408
229010720
229113995
222548834
196620859
165851784
24126172
34451986
191311105
191158171
191065739
137966768
204694935
225026548
60434597
92016349
244509535
244514974
230971382
210572169
184991083
153405973
72309528
198874439
199453730
127474051
208970031
232028098
253676451
91081319
217092378
222415837
213180400
190261607
168549269
152814950
73371160
285974376
291905546
286431015
286611699
286760669
193732807
23585951
27127802
23444474
25191576
120122984
222869367
222702661
230608008
229772241
229788688
33923270
53780755
221139833
221738798
229866269
222129789
200589691
176364153
25759274
30260754
29701897
262897857
263551007
263492216
263469687
264692909
179770671
24059569
30403593
76851474
229189026
176149513
229477159
229786251
153289252
230025978
39972426
27204543
23709558
156902114
248734321
249369507
249483929
249689252
250860743
25810581
55539067
30076567
256492095
256634576
256253746
255810333
233874885
172751812
146858287
27186818
197244168
374899171
375514584
375407146
375439294
202490228
179102116
21707302
27321341
75092805
100015731
259288991
259625326
260270000
212538669
185939760
241306860
26032064
23400159
25241614
318492372
319571680
324559392
324520562
325962711
169652211
23520769
27727213
29223010
158121229
232143660
232334256
232885481
233044742
237909827
291237825
48472243
524308967
524797301
525382989
524784801
524813804
186648426
21054168
25404963
80160841
96340301
177743717
265739184
269130094
223591947
273654811
190281897
28960613
251059520
243142219
240145964
240338070
236404361
195220910
26282802
29941899
85416184
419193640
419410484
420733295
366301755
337153107
426694445
221096245
220001711
220487390
219569910
219590457
224488109
38032047
74361031
297239568
297275196
297292981
297290108
248814973
224306515
107656070
31402228
171780472
267894326
267658165
268274042
272316460
159577276
146362993
74309020
293223500
293286261
289209185
263892574
244339165
219994298
24337774
29701115
84526079
139440999
247825100
248246548
248346057
248423990
195917977
31208269
109543496
117305280
116846414
116687176
136259085
28821432
185263667
94760308
243535796
243504353
243471592
194923561
174401871
170661887
49429475
86174018
252522281
252467645
252881881
232453886
204380857
168008759
85075666
27328508
28383480
273620974
274294415
275377422
275256297
280140940
161734896
53500780
75723594
286235535
286404116
282646221
260518917
235037817
211853002
196271584
37473633
109922610
343199612
350262147
350673069
371416569
25553297
422183902
317008048
317135542
309828383
263173585
309876017
239164431
108151315
141691566
123106406
264198270
157803484
265604713
25507834
31980800
86044582
290745519
557433541
292265200
236291658
207917618
41627575
117278832
124766133
128242776
29553594
182882994
765360637
282978574
211758791
204154385
170945996
155235191
159755985
71695371
86612091
278601382
278706606
269406177
245062613
217132398
197145191
98777827
24957622
23610052
23008103
169889272
340093345
336507698
336532193
336213206
340767218
20950937
29744249
36642308
246511629
246817299
246759702
247658974
248369528
161356340
113196282
117936143
118871353
127917313
156268836
31059553
192291787
267698629
262380840
261972500
252410440
382121459
78069334
26437546
120936441
20429620
91985904
233241963
233234156
233882233
31587616
26028706
80916491
523802153
421845594
297327216
239460373
216536937
300561916
26261843
23725951
37884189
278968430
360163656
360193040
360137772
357056560
365265933
173903631
174109130
174159752
174105781
174160725
174114365
227136222
43058769
260194475
530728291
530905631
530887119
531030953
531729849
32268120
37435511
97027338
311683038
312202723
312157867
312093078
244140589
216134192
23416151
32029322
29528696
180234376
180452742
180529065
204222882
234757578
174653082
221484222
221361443
221537062
198092128
167570472
163449075
260108298
260603248
259975646
259950715
261260837
240741400
26595665
28422271
88421490
248170601
252636953
252565293
252580540
198374009
164949989
27102108
28694893
38132064
274752203
275351694
275357742
275266993
275488385
186597770
24435615
31487335
30853990
146326424
146673162
175019682
205722721
243635427
378520528
319378592
319032364
290677048
259891322
222138167
25828270
56533254
32617572
194694719
284919602
285398307
285640926
261487822
291588344
29221547
71041189
96630530
303410316
303949588
304294013
269828055
237694984
211419798
107491340
35598051
325467867
323842287
325777943
323454301
183733307
27093073
31822027
30573464
261129058
261392344
261385768
261375162
172834252
23433540
28887289
75754133
263040692
189011635
264510573
212910657
264459999
265640730
39748032
329668014
410653227
410927294
411109617
1289513513
162390545
157680517
308278918
310273167
310501749
285564209
255792999
234647185
185169778
42659015
440297186
440074937
440243752
440214715
440515598
215886840
30888741
23144384
70082885
88643053
108255359
30241404
203568521
297951047
303134547
305259815
352721091
196172321
166372357
24538852
24534583
23857087
224194658
444175710
327787809
327674442
447581237
255999556
229158558
29013213
20999914
21265663
19532693
112015527
253528522
253601187
253502983
253486796
253606853
178323394
29461753
37920084
227192838
601412428
602782684
602980165
603990068
410205144
586012647
215022277
216943297
215814394
215196890
214966070
29415737
31551393
32351195
312112907
311997939
312784416
312248932
312350478
225031919
122677198
159383155
212421664
375851324
380835957
259228407
380935803
381492271
29050577
32053445
83123410
254886341
255413045
255539970
256978039
223780393
141822604
194150714
196212839
201765432
216674325
37810207
74169709
95683372
310514806
280620692
259932629
230802646
207271761
86833901
115701027
34491992
208074660
357888306
357815333
272078170
358578381
31909922
19485797
22369937
24400891
228520364
252375815
252731179
252852078
1314727299
38487042
272689092
118458288
118128898
131396693
154486968
171083008
94227750
313726266
300839805
277889633
248083630
315170167
221568813
28153758
58028380
26477377
268904490
269458793
269623249
243913919
271020637
196762108
48767141
90373314
310992593
314375257
319642819
273064147
230825810
312859274
27727053
48372379
144097570
142267086
145195494
161587489
174556056
176769679
105042803
32688485
34350495
201301298
359836275
376464727
295031657
393028478
224407005
198912308
29465641
25586986
30792591
180138168
181514839
181524983
185842438
206153089
138207036
248486310
48426287
47510213
412924658
440313145
443407229
625640575
625045928
240013688
213155006
184830134
165929196
186859795
28514237
250300108
323535985
319040191
341405461
364042368
188242206
175944323
288552547
288694199
276791107
252134956
190841450
214629934
304998973
52593783
652687530
652310230
652802241
653629310
654759597
455404776
86109877
246100988
254468304
279010603
305848645
327106466
336577330
336935287
327697838
303703449
276754649
254654337
32963495
66914659
165625293
232792882
232791329
232760160
202240623
254741534
49421997
72097392
95077293
280327630
279233378
259241757
232245368
209605273
186533997
368337012
368591866
368510359
368577921
368133304
368309987
27042424
34887471
268128033
268138232
268049738
268144931
268022391
207412005
118686240
33536130
26762979
232812667
414594685
414722864
415367551
414785408
419683551
29727418
44971338
17221588
16800027
98935929
170129387
181054447
30323955
41833117
265867143
319809531
346649263
259985665
202151923
167804503
98071991
343841347
343865653
331821414
308688095
277517404
249776845
276512384
44171785
623068041
621522548
623165297
622117902
621961795
303943438
75653310
33332098
23621940
284919941
286121264
286089520
286037982
287136225
184775683
62024390
93017366
313987198
314529788
314596483
284820470
254941864
222690615
60953836
29472914
30840805
177253018
185599938
219029737
245909385
274197560
378238820
313501755
279951001
252990880
224697326
334363337
140452539
135700025
280458187
280361047
280899188
299326118
313465398
79704854
316347724
317646179
317382637
299237578
273209361
243929758
26094360
19856075
23932633
16796581
177009821
263083581
263149466
263782387
270739342
270645370
251725704
252920146
258496614
259118648
251908639
252818069
27480311
51701229
139048945
148185445
159738890
182832522
211798981
381592648
319925068
304844023
293365317
269732840
239892206
184303978
33449487
247068950
492351285
492671746
253044746
499395383
499295208
282847328
29332286
30684925
87222389
295765457
296200002
296475198
296464304
244472880
219263622
38289536
34282413
183461713
183190299
182918356
199566807
232469313
184402235
322197534
322691729
323663436
307424021
274869699
248609878
62820692
35493549
29120855
188651468
328952056
335796120
334099209
338638990
337938933
56199939
85829856
235270956
235527885
231029068
232009661
201273811
167826290
36626475
188788732
188298829
187775465
187163253
186561239
179969260
64098788
93014368
315994124
316123923
316371851
276226960
253399658
224385006
29426672
30116698
32914858
276707641
276846084
276925562
276812774
276903586
185835590
184816312
49737524
399837248
399759790
399841128
399724324
409779326
208409457
67289672
89172736
276823901
276838614
266646087
234842092
210570048
384549623
234450906
33165183
446910358
446884800
446752860
446709957
250848615
182663032
32869805
32963342
24545744
219051235
38524050
349179180
349600365
349689409
347153586
350358368
30865448
229583541
259290912
258545072
258559722
258940093
258596983
25279369
69377751
100144985
170430565
270585611
270604425
249661651
205443111
276476274
37929186
33861851
179254979
246398913
252404646
252375741
249328439
257018564
33497729
66635628
283316078
283278542
283451372
282693739
241924482
218807506
46667991
36294548
35148341
343779037
343933971
343886031
343975371
344697555
226888597
28851768
32592895
194773613
194713826
195663122
195569443
205807354
174071036
135565383
176430362
176527053
179703335
30446296
239628493
256731275
328543477
328564582
328372883
294683025
265207454
237759324
64370479
43925837
351099089
352758260
353187323
353225269
353345361
245702209
28974054
21381381
68359793
86031824
278814663
279365715
287059956
240087275
26084044
272717442
510648165
319529031
319065277
311341988
284866985
258975341
36966153
26866651
79087938
253374826
253496038
254201386
253574011
245286398
44564548
583375873
413325734
413206253
413155261
316038595
414523735
252766147
28083000
308810763
553977983
557144246
563728277
563531513
288735093
259135872
33293015
59826275
83153205
247389347
247394093
244239403
224795598
386988235
41565373
670853663
507524484
507624121
507745202
274748410
509037635
141998266
39240227
397431731
397406146
397179701
396696514
396119435
218128998
35884368
64283928
19969275
99570291
159180267
364404757
364577315
364742787
329759634
471417944
328134126
39179319
73857092
133596186
420688695
425857534
458787554
34665084
501578830
747497993
333333593
326832971
321488684
253982584
273239934
45170084
582845264
587981028
595692276
277730858
595743112
47443064
72790741
207252766
272262091
272291732
272273349
238155326
45603080
106472562
152292803
152624899
168383848
189990183
1093466641
328981710
329512586
329337240
313597801
292034176
257665476
38113462
42554391
307294570
307476901
307550158
307708438
308020875
228839463
372450303
152343861
524993604
525992477
527483328
555401264
590226838
97693784
210435590
212143830
210274751
183178785
178535058
171153579
77945017
94272315
338164826
416300839
416055321
37193911
587315044
547139231
192267314
528625212
31331653
28572345
31229674
249049789
544746968
339355572
545126264
339667698
339826777
26080372
50519278
36585966
128537007
215249309
215542813
215880377
215720033
196178899
114557613
143369432
34354442
216429760
244539259
277850557
312700881
412313194
347906356
310121445
281753274
248421994
210340459
214222959
48089265
499165119
499383147
499087797
499424945
499328659
237774336
29530458
56047738
25933169
70459387
156169712
161644494
179106488
168579406
215519581
226799173
31845787
249531849
540910773
487645480
525454755
552905618
290354228
258049041
22473898
39806300
23272968
19944950
145729655
198593600
179317680
364370652
365185327
365177885
199563402
167138960
22828418
37884336
39754747
450662478
346165502
346176393
346175500
346182272
246724990
28351997
35643088
88278898
336483357
340202811
340321580
340753132
278086827
844203303
277548417
873797499
870147855
869483117
869150815
870958169
28230476
35395113
91579415
387744319
388843015
389737065
389250854
328366127
300460783
304249384
343980815
634126608
633636167
632690150
631938046
332577298
291556448
36429962
55333179
143218019
281396564
396162091
433512772
434014044
433852489
379300258
30941896
29429965
34880901
164656077
251635785
251552853
251397506
251336899
276725525
28837141
76565568
350685601
350785602
350748842
350864052
299012772
275862222
41194739
70003869
31585821
126380544
374131990
373897658
373901329
333824549
273250331
248356429
33098927
34992577
283910886
284376881
284871009
285093174
285131622
218444035
35414539
284496374
320110547
319893469
319839065
319513427
321915485
33199694
35530172
92184798
160127999
171762193
27211512
34524233
543934427
544752417
384893767
384728803
544802976
311471942
222270228
240451854
56572146
529029096
535521246
535642211
535733651
314371160
239472672
32021236
406270077
31441956
32758602
234043893
704810952
704704151
704722864
680143497
705265150
29046373
22586073
19206412
96661125
263989087
263933354
263724232
263902207
377701189
331072531
541367007
541362720
541586591
541586030
736037902
30207347
30605535
82293150
329170838
329488079
329718743
329812095
615760084
627538839
36733546
642607616
642526629
642364285
642167908
296365699
226435918
32363334
58703207
29478216
158629542
184144558
117294145
23853459
457224882
426424092
458350004
299698021
253375136
250259760
27230893
36802063
93460282
319308954
319497552
319438270
319687313
256888807
226969260
33035602
36482253
387549396
394615127
404260444
26993852
414116308
414529842
352030359
67395048
67625664
145701263
212933235
223631132
213840482
207297102
166363611
474486496
521414821
219249754
740896681
741499981
741502396
742149736
268133372
28368199
39169716
88474995
350709455
350774230
350364161
359048115
339897157
36338455
173535259
265573803
265794298
257416991
266218969
548592425
47150136
75902409
317940967
317892748
317773535
298466624
271729578
242752199
116821221
148387215
307729780
458091150
458658114
458603199
459002810
342169846
31841978
91495146
75198209
166343383
166411937
175382729
194103976
19851457
17742854
213189970
36361618
234579204
483761386
474768967
620895391
418451214
484381860
27802100
21197501
18138036
22388554
155130319
155659592
155516453
168278087
186006990
701355364
709088531
709535359
696434900
681618453
33418861
68984557
487770921
488506335
488715189
452834837
427908032
61172509
119752960
373382362
493719666
493776630
434759042
494845943
172714050
213940467
385491921
385371286
385079218
385102619
2144238823
26641132
57248502
33122118
195117584
285346148
285324946
285318304
285777475
28095040
44368165
91891370
138500110
373427825
373588268
301674668
274905024
53435730
221033964
124815358
345875802
161290240
366544297
33865222
85375378
334629592
335425751
281752205
255992154
63457677
72232043
218605068
292360261
286271465
227751880
41216453
47774382
266407795
355119385
355190125
355284971
118137525
118006520
147868026
37074193
213042475
384483131
385230082
317913446
290246422
32115966
41997333
344329151
348121566
348438841
275775575
196869457
36076911
336228237
335586945
107441658
29322391
31292122
36795026
412882954
413335028
316380443
49625422
340008323
390411526
390184654
47864220
458956091
460071204
40419223
47028184
137280797
28606964
42349894
208577442
37147555
37168869
