1733801586 77
1733801605 49
1733801606 51
1733801580 97
1733801583 85
1733801601 52
1733801613 42
1733801621 37
1733801632 28
1733801633 34
1733801636 26
1733801579 99
1733801592 65
1733801630 32
1733801644 15
1733801572 286
1733801584 82
1733801585 79
1733801595 61
1733801603 50
1733801618 43
1733801631 38
1733801635 30
1733801646 21
1733801651 23
1733801568 116
1733801582 86
1733801594 62
1733801645 35
1733801653 12
1733801569 555
1733801576 108
1733801588 71
1733801607 48
1733801624 38
1733801637 29
1733801591 65
1733801608 45
1733801577 102
1733801600 53
1733801615 46
1733801616 40
1733801628 34
1733801639 36
1733801570 388
1733801571 325
1733801596 56
1733801574 213
1733801614 43
1733801643 32
1733801649 19
1733801575 115
1733801587 73
1733801622 41
1733801625 35
1733801626 39
1733801634 26
1733801638 27
1733801641 24
1733801654 4
1733801593 63
1733801597 58
1733801599 52
1733801602 52
1733801610 46
1733801642 23
1733801573 251
1733801609 47
1733801612 43
1733801617 41
1733801619 40
1733801627 35
1733801640 24
1733801647 23
1733801578 99
1733801604 49
1733801620 40
1733801648 27
1733801652 24
1733801581 92
1733801589 69
1733801590 66
1733801598 54
1733801611 44
1733801623 36
1733801629 33
1733801650 26
