1733801193 124
1733801235 45
1733801253 36
1733801257 27
1733801288 25
1733801293 24
1733801230 44
1733801247 35
1733801255 29
1733801271 22
1733801289 29
1733801292 14
1733801256 34
1733801303 26
1733801189 183
1733801220 54
1733801233 45
1733801250 40
1733801272 24
1733801299 24
1733801198 105
1733801208 78
1733801212 67
1733801263 38
1733801275 24
1733801308 30
1733801312 15
1733801243 44
1733801249 35
1733801280 17
1733801282 24
1733801284 26
1733801191 144
1733801199 105
1733801213 64
1733801221 53
1733801222 53
1733801232 47
1733801264 23
1733801197 109
1733801215 61
1733801192 130
1733801259 33
1733801276 21
1733801286 21
1733801295 26
1733801206 81
1733801237 44
1733801242 44
1733801258 22
1733801267 27
1733801279 31
1733801296 20
1733801194 120
1733801306 15
1733801196 102
1733801214 65
1733801219 56
1733801291 19
1733801274 32
1733801294 15
1733801200 99
1733801204 88
1733801234 46
1733801246 38
1733801304 26
1733801317 11
1733801190 184
1733801195 121
1733801210 70
1733801240 41
1733801262 30
1733801285 32
1733801281 28
1733801310 23
1733801218 59
1733801277 22
1733801298 25
1733801309 17
1733801318 10
1733801236 45
1733801241 37
1733801244 39
1733801266 31
1733801283 28
1733801311 25
1733801201 97
1733801202 95
1733801217 63
1733801209 72
1733801216 67
1733801248 38
1733801252 36
1733801268 24
1733801290 30
1733801305 13
1733801203 88
1733801251 36
1733801265 30
1733801316 21
1733801270 31
1733801278 23
1733801254 35
1733801307 16
1733801205 82
1733801211 67
1733801227 50
1733801228 49
1733801287 29
1733801207 78
1733801297 27
1733801300 14
1733801319 5
1733801226 53
1733801239 42
1733801229 52
1733801269 24
1733801314 22
1733801315 18
1733801224 52
1733801225 51
1733801245 42
1733801261 24
1733801301 16
1733801302 20
1733801313 14
1733801223 53
1733801231 50
1733801238 45
1733801260 31
1733801273 30
