1733801430 246
1733801436 161
1733801443 118
1733801452 91
1733801425 310
1733801431 221
1733801435 167
1733801451 90
1733801426 499
1733801437 155
1733801438 143
1733801455 84
1733801427 370
1733801429 280
1733801440 132
1733801442 124
1733801454 86
1733801428 321
1733801439 137
1733801447 101
1733801458 81
1733801432 206
1733801434 175
1733801446 109
1733801456 88
1733801433 190
1733801441 123
1733801444 116
1733801450 80
1733801453 89
1733801460 80
1733801465 61
1733801463 68
1733801445 112
1733801448 102
1733801449 95
1733801457 80
1733801459 75
1733801461 74
1733801462 72
1733801464 69
1733801466 19
